
Consumer 1 Done:
PID: 32669, Time: 1351201941

Donut order by dozen:
Dozen 0: (0, 104) (2, 154) (0, 104) (0, 104) (3, 154) (1, 104) (0, 154) (1, 104) (2, 154) (3, 154) (2, 154) (3, 154)
Dozen 2: (2, 154) (3, 154) (0, 154) (1, 104) (0, 154) (1, 104) (1, 104) (3, 154) (1, 104) (2, 154) (3, 154) (0, 154)
Dozen 4: (0, 154) (3, 154) (2, 154) (1, 104) (1, 104) (3, 154) (3, 154) (3, 154) (2, 154) (0, 154) (0, 154) (0, 154)
Dozen 6: (1, 154) (3, 154) (3, 154) (2, 154) (1, 154) (1, 154) (2, 154) (1, 154) (2, 154) (0, 154) (2, 154) (0, 154)
Dozen 8: (0, 154) (2, 154) (1, 154) (0, 154) (0, 154) (0, 154) (2, 154) (1, 154) (1, 154) (2, 154) (3, 154) (2, 154)
Dozen 0: (2, 154) (3, 154) (1, 154) (0, 154) (1, 154) (1, 154) (1, 154) (2, 154) (1, 154) (3, 154) (0, 154) (0, 154)
Dozen 2: (1, 154) (3, 154) (1, 154) (2, 154) (0, 154) (3, 154) (2, 154) (1, 154) (2, 154) (3, 154) (0, 154) (2, 154)
Dozen 4: (1, 154) (2, 154) (1, 154) (2, 154) (2, 154) (3, 154) (1, 154) (1, 154) (2, 154) (3, 154) (1, 154) (2, 154)
Dozen 6: (0, 154) (0, 154) (3, 154) (0, 154) (1, 154) (0, 154) (2, 154) (0, 154) (3, 154) (0, 154) (3, 154) (0, 154)
Dozen 8: (0, 154) (1, 154) (2, 154) (0, 154) (3, 154) (2, 154) (3, 154) (0, 154) (1, 154) (3, 154) (0, 154) (2, 154)

