
Consumer 2 Done:
PID: 32670, Time: 1351201941

Donut order by dozen:
Dozen 0: (3, 103) (2, 103) (2, 103) (1, 103) (1, 103) (0, 103) (1, 103) (1, 103) (2, 103) (3, 103) (3, 103) (1, 103)
Dozen 2: (0, 103) (0, 103) (0, 103) (2, 103) (2, 103) (0, 103) (1, 103) (3, 103) (3, 103) (2, 103) (1, 103) (0, 103)
Dozen 4: (3, 103) (0, 103) (0, 103) (0, 103) (1, 103) (0, 103) (3, 103) (3, 103) (1, 103) (0, 103) (3, 103) (0, 103)
Dozen 6: (3, 103) (2, 103) (1, 103) (0, 103) (0, 103) (2, 103) (3, 103) (0, 103) (2, 103) (2, 103) (0, 103) (1, 103)
Dozen 8: (2, 103) (1, 103) (2, 103) (3, 153) (0, 103) (3, 153) (1, 103) (3, 153) (2, 103) (1, 103) (1, 103) (2, 103)
Dozen 0: (3, 153) (0, 103) (0, 103) (0, 103) (0, 103) (1, 103) (2, 103) (2, 103) (2, 103) (0, 103) (2, 103) (0, 103)
Dozen 2: (3, 153) (2, 103) (2, 103) (2, 103) (1, 103) (2, 103) (0, 103) (2, 103) (1, 103) (2, 103) (3, 153) (0, 103)
Dozen 4: (1, 103) (0, 103) (1, 103) (2, 103) (1, 103) (3, 153) (3, 153) (3, 153) (1, 103) (1, 103) (3, 153) (2, 153)
Dozen 6: (0, 103) (0, 103) (2, 153) (3, 153) (2, 153) (0, 103) (2, 153) (2, 153) (3, 153) (1, 103) (3, 153) (1, 103)
Dozen 8: (3, 153) (0, 103) (3, 153) (2, 153) (2, 153) (0, 103) (0, 103) (1, 103) (1, 103) (3, 153) (1, 103) (0, 103)

