
Consumer 3 Done:
PID: 32671, Time: 1351201941

Donut order by dozen:
Dozen 0: (3, 102) (1, 52) (2, 102) (2, 102) (0, 52) (1, 52) (3, 102) (0, 52) (2, 102) (1, 52) (1, 52) (0, 52)
Dozen 2: (0, 52) (3, 102) (1, 52) (2, 102) (2, 102) (3, 102) (1, 52) (3, 102) (1, 52) (2, 102) (0, 52) (3, 102)
Dozen 4: (3, 102) (3, 102) (1, 52) (1, 52) (2, 102) (0, 102) (2, 102) (1, 52) (2, 102) (2, 102) (1, 52) (3, 102)
Dozen 6: (3, 102) (2, 102) (1, 52) (2, 102) (3, 102) (0, 102) (0, 102) (3, 102) (2, 102) (2, 102) (0, 102) (3, 102)
Dozen 8: (1, 52) (3, 102) (1, 52) (0, 102) (2, 102) (2, 102) (2, 102) (1, 52) (3, 102) (1, 52) (0, 102) (1, 52)
Dozen 0: (0, 102) (3, 102) (0, 102) (1, 52) (3, 102) (2, 102) (3, 102) (2, 102) (3, 102) (3, 102) (0, 102) (3, 102)
Dozen 2: (0, 102) (3, 102) (3, 102) (1, 52) (2, 102) (2, 102) (2, 102) (0, 102) (0, 102) (3, 102) (1, 102) (2, 102)
Dozen 4: (2, 102) (0, 102) (3, 102) (2, 102) (0, 102) (2, 102) (3, 102) (3, 102) (3, 102) (1, 102) (1, 102) (0, 102)
Dozen 6: (1, 102) (0, 102) (3, 102) (0, 102) (3, 102) (3, 102) (0, 102) (3, 102) (3, 102) (2, 102) (0, 102) (3, 102)
Dozen 8: (0, 102) (3, 102) (1, 102) (1, 102) (0, 102) (1, 102) (2, 102) (0, 102) (0, 102) (0, 102) (3, 102) (1, 102)

