
Consumer 4 Done:
PID: 32672, Time: 1351201941

Donut order by dozen:
Dozen 0: (0, 51) (0, 51) (1, 51) (3, 51) (2, 51) (2, 51) (1, 51) (2, 51) (3, 51) (2, 51) (1, 51) (1, 51)
Dozen 2: (2, 51) (3, 51) (2, 51) (3, 51) (2, 51) (1, 51) (3, 51) (3, 51) (0, 51) (3, 51) (1, 51) (2, 51)
Dozen 4: (0, 51) (3, 51) (0, 51) (2, 51) (2, 51) (3, 51) (1, 51) (3, 51) (2, 51) (0, 51) (0, 51) (0, 51)
Dozen 6: (0, 51) (2, 51) (3, 51) (0, 51) (0, 51) (0, 51) (2, 51) (3, 51) (3, 51) (2, 51) (3, 51) (1, 51)
Dozen 8: (3, 51) (1, 51) (2, 51) (1, 51) (0, 51) (2, 51) (1, 51) (2, 51) (3, 51) (3, 51) (1, 51) (3, 51)
Dozen 0: (1, 51) (3, 51) (0, 51) (1, 51) (1, 51) (1, 51) (0, 51) (0, 51) (0, 51) (1, 51) (2, 51) (3, 51)
Dozen 2: (2, 51) (3, 51) (0, 51) (0, 51) (2, 51) (1, 51) (1, 51) (0, 51) (2, 51) (3, 51) (3, 51) (3, 51)
Dozen 4: (1, 51) (2, 51) (3, 51) (1, 51) (2, 51) (2, 51) (1, 51) (2, 51) (1, 51) (1, 51) (3, 51) (3, 51)
Dozen 6: (2, 51) (2, 51) (3, 51) (2, 51) (2, 51) (2, 51) (1, 51) (3, 101) (2, 51) (3, 101) (0, 51) (1, 51)
Dozen 8: (3, 101) (3, 101) (2, 101) (2, 101) (1, 51) (0, 51) (2, 101) (2, 101) (0, 51) (2, 101) (1, 51) (3, 101)

