
Consumer 5 Done:
PID: 32673, Time: 1351201941

Donut order by dozen:
Dozen 0: (0, 0) (3, 0) (3, 50) (2, 0) (0, 0) (1, 0) (2, 0) (3, 50) (0, 0) (2, 50) (0, 0) (0, 0)
Dozen 2: (3, 50) (1, 0) (1, 0) (0, 0) (3, 50) (3, 50) (1, 0) (2, 50) (1, 0) (0, 0) (1, 0) (2, 50)
Dozen 4: (0, 0) (0, 0) (0, 0) (3, 50) (0, 0) (1, 0) (1, 0) (2, 50) (3, 50) (2, 50) (2, 50) (0, 0)
Dozen 6: (2, 50) (1, 0) (2, 50) (0, 0) (2, 50) (1, 0) (1, 0) (3, 50) (3, 50) (0, 0) (0, 0) (1, 0)
Dozen 8: (1, 0) (1, 0) (0, 0) (1, 0) (2, 50) (2, 50) (3, 50) (1, 0) (0, 0) (1, 0) (2, 50) (1, 0)
Dozen 0: (3, 50) (1, 0) (2, 50) (3, 50) (0, 50) (0, 50) (2, 50) (0, 50) (1, 0) (3, 50) (3, 50) (2, 50)
Dozen 2: (2, 50) (2, 50) (3, 50) (1, 0) (1, 0) (2, 50) (1, 0) (3, 50) (2, 50) (1, 0) (1, 0) (0, 50)
Dozen 4: (1, 0) (2, 50) (0, 50) (3, 50) (0, 50) (2, 50) (2, 50) (1, 0) (2, 50) (3, 50) (0, 50) (0, 50)
Dozen 6: (2, 50) (3, 50) (2, 50) (3, 50) (2, 50) (1, 50) (1, 50) (1, 50) (3, 50) (0, 50) (3, 50) (3, 50)
Dozen 8: (2, 50) (1, 50) (0, 50) (0, 50) (2, 50) (0, 50) (1, 50) (0, 50) (1, 50) (2, 50) (0, 50) (1, 50)

