3 0
1 0
2 0
2 1
2 2
2 3
2 4
0 0
0 1
2 5
0 2
2 6
0 3
0 4
1 1
2 7
2 8
3 1
1 2
3 2
3 3
2 9
2 10
1 3
3 4
3 5
2 11
2 12
3 6
3 7
3 8
3 9
2 13
1 4
3 10
1 5
0 5
1 6
0 6
3 11
1 7
2 14
1 8
2 15
1 9
0 7
0 8
0 9
0 10
2 16
3 12
2 17
1 10
0 11
3 13
1 11
0 12
0 13
0 14
0 15
1 12
0 16
3 14
1 13
1 14
0 17
3 15
1 15
3 16
3 17
1 16
2 18
0 18
1 17
3 18
0 19
0 20
3 19
0 21
0 22
1 18
3 20
2 19
1 19
2 20
2 21
2 22
0 23
1 20
3 21
1 21
0 24
2 23
2 24
1 22
2 25
0 25
0 26
2 26
0 27
3 22
2 27
3 23
1 23
0 28
1 24
1 25
1 26
0 29
1 27
1 28
0 30
3 24
1 29
3 25
0 31
2 28
3 26
3 27
1 30
1 31
1 32
1 33
3 28
2 29
1 34
2 30
3 29
3 30
2 31
1 35
0 32
3 31
0 33
0 34
1 36
0 35
2 32
2 33
1 37
2 34
2 35
3 32
2 36
0 36
1 38
0 37
2 37
3 34
1 39
2 38
0 38
3 35
1 40
2 39
0 39
2 40
1 45
2 43
3 40
2 44
0 42
2 45
2 46
0 43
3 41
1 46
0 44
2 47
3 42
1 47
3 43
1 48
2 48
2 49
0 46
2 50
2 51
3 44
0 48
0 50
3 47
2 55
1 52
1 53
0 52
2 56
1 54
2 58
2 59
0 54
1 60
1 61
1 62
0 57
1 64
1 65
0 59
2 61
0 61
1 67
0 63
3 54
0 65
2 63
0 67
1 69
0 68
3 58
0 71
0 74
2 67
3 62
0 77
1 74
0 80
2 72
1 78
0 84
2 73
1 80
3 68
1 82
3 69
0 86
2 74
0 87
2 75
2 76
3 74
3 75
0 90
1 92
1 93
2 79
3 77
0 93
2 82
1 95
1 96
2 83
0 97
1 100
3 85
0 100
2 88
0 103
1 103
2 92
0 106
1 109
1 110
0 109
2 98
1 113
0 112
0 115
2 104
0 119
0 123
1 127
0 127
3 107
0 131
1 136
3 116
1 138
1 139
0 137
2 124
2 125
3 118
2 126
1 142
0 141
0 146
0 151
3 133
2 147
1 157
0 157
2 148
0 162
0 167
2 157
1 166
0 172
1 172
3 157
1 174
3 158
1 175
3 159
3 160
3 161
0 178
3 164
2 171
1 180
2 172
2 173
2 174
0 183
3 168
1 182
0 187
0 192
1 194
3 181
0 197
2 193
3 186
2 194
2 198
1 202
3 189
0 204
2 201
2 202
0 210
2 206
0 216
1 215
3 206
3 207
3 208
3 209
0 223
2 225
1 225
0 228
2 231
1 229
0 233
2 233
3 228
2 234
0 239
1 250
1 251
0 245
2 243
3 236
3 237
3 238
1 256
0 251
0 257
1 271
3 255
2 260
3 256
1 273
2 261
2 266
2 268
2 269
2 270
3 259
1 276
2 271
0 268
0 275
0 282
1 306
1 307
2 290
1 308
1 309
2 291
0 289
1 318
3 290
3 292
2 302
1 319
3 293
2 303
2 304
1 320
2 305
1 321
1 322
0 299
1 325
0 308
3 311
0 316
3 318
2 328
2 329
1 346
3 319
0 324
1 366
1 367
0 333
1 373
2 358
0 342
1 378
1 379
0 351
1 386
1 387
0 361
3 373
1 402
2 384
1 403
2 385
2 386
2 387
0 371
3 383
1 412
0 379
1 415
3 385
2 411
3 386
1 417
1 418
2 413
1 419
0 391
1 434
0 402
3 413
0 411
3 426
3 427
0 420
1 458
1 462
0 440
2 465
1 479
2 469
3 458
0 454
3 465
0 460
1 499
2 486
0 478
0 489
1 520
3 494
2 520
3 495
3 496
1 532
1 540
0 520
3 527
0 535
0 554
2 569
2 570
0 571
2 581
0 589
1 631
1 632
3 603
0 609
3 620
1 649
1 654
2 627
0 631
1 678
3 647
0 652
3 673
2 680
1 703
0 675
0 694
3 718
2 720
1 743
1 746
3 726
3 727
3 728
0 721
0 744
1 797
3 778
3 779
3 780
3 781
3 784
3 785
0 772
2 804
0 796
1 856
3 848
2 829
0 826
2 845
1 880
2 862
3 872
3 873
1 897
3 892
2 883
3 893
2 884
1 918
3 924
1 942
1 960
0 952
2 984
1 987
1 1001
2 1008
0 1003
2 1038
3 1042
3 1043
2 1042
2 1045
1 1045
2 1053
1 1050
3 1051
3 1052
3 1053
0 1043
3 1082
0 1077
3 1121
0 1116
3 1168
3 1169
2 1169
3 1170
0 1156
1 1222
0 1199
0 1243
3 1265
0 1289
2 1341
0 1335
3 1361
3 1362
0 1383
2 1436
0 1433
1 1483
2 1503
2 1504
3 1455
0 1483
0 1533
3 1552
1 1580
2 1574
3 1553
2 1575
2 1576
2 1577
2 1578
3 1554
0 1584
1 1624
1 1625
3 1610
1 1626
1 1627
2 1634
1 1628
2 1635
0 1634
2 1681
2 1682
0 1684
2 1724
2 1725
0 1734
1 1746
0 1783
3 1802
2 1820
1 1785
1 1786
3 1803
3 1804
3 1805
3 1806
0 1833
2 1865
3 1853
3 1854
0 1883
1 1903
2 1919
3 1894
2 1920
1 1904
1 1905
0 1933
3 1954
1 1971
3 1955
0 1982
3 2002
0 2032
2 2097
2 2098
1 2072
2 2099
1 2073
1 2074
0 2082
0 2132
3 2183
0 2182
0 2232
3 2279
0 2282
3 2318
0 2331
3 2364
3 2365
3 2366
0 2381
1 2394
0 2431
0 2481
3 2522
3 2523
0 2531
0 2581
0 2631
0 2681
1 2666
0 2731
3 2757
2 2761
0 2781
3 2803
0 2831
1 2821
3 2881
3 2882
3 2883
2 2865
3 2884
1 2822
2 2866
2 2867
1 2823
1 2824
0 2881
2 2924
0 2931
3 2999
3 3000
3 3001
3 3002
0 2981
2 3053
3 3055
2 3054
3 3056
1 2984
2 3055
1 2985
1 2986
1 2987
0 3031
2 3104
1 3021
3 3099
3 3100
3 3101
3 3102
1 3022
1 3023
1 3024
0 3082
2 3152
1 3109
1 3110
2 3153
0 3132
3 3211
0 3182
1 3202
0 3234
3 3288
2 3297
0 3284
1 3327
2 3350
3 3335
3 3336
0 3333
0 3382
3 3409
3 3410
1 3419
1 3420
0 3432
1 3469
3 3450
2 3468
3 3451
1 3470
3 3452
1 3471
3 3453
1 3472
3 3454
2 3469
2 3470
1 3473
0 3482
2 3523
2 3524
2 3525
3 3496
2 3526
3 3497
0 3531
1 3549
0 3581
3 3588
3 3589
0 3631
0 3681
3 3696
1 3712
2 3710
2 3711
2 3712
1 3713
3 3697
2 3714
1 3715
3 3698
3 3699
2 3716
3 3700
0 3734
1 3774
0 3784
1 3820
3 3795
0 3833
2 3885
1 3867
2 3892
1 3870
3 3858
3 3859
3 3860
2 3897
0 3891
3 3919
2 3966
2 3967
1 3928
0 3942
0 3992
1 4031
3 4023
1 4032
2 4059
3 4024
1 4033
1 4034
0 4042
2 4101
3 4055
3 4056
1 4072
1 4073
3 4057
1 4074
0 4093
0 4143
1 4172
0 4193
2 4267
1 4230
2 4269
1 4231
2 4270
0 4244
0 4294
2 4349
2 4350
0 4344
0 4392
3 4399
3 4400
3 4401
0 4441
0 4487
1 4552
0 4536
1 4595
1 4596
2 4595
0 4586
2 4650
1 4644
1 4645
2 4652
0 4638
0 4688
3 4701
0 4737
1 4790
0 4787
0 4837
0 4887
0 4937
3 4969
0 4987
3 5019
2 5122
0 5037
2 5149
2 5150
3 5042
3 5043
3 5044
2 5151
0 5087
2 5190
0 5137
2 5251
1 5184
3 5148
1 5185
0 5187
1 5255
0 5237
2 5368
1 5319
2 5369
3 5268
0 5287
0 5337
2 5475
2 5476
1 5421
1 5422
3 5348
2 5477
2 5478
3 5349
3 5350
1 5423
2 5479
2 5480
1 5424
1 5425
3 5351
3 5352
0 5387
1 5473
0 5437
0 5486
2 5627
3 5504
2 5628
0 5537
0 5587
0 5637
1 5748
1 5749
1 5750
1 5751
0 5686
3 5676
2 5787
3 5677
2 5788
0 5736
2 5835
1 5829
3 5721
3 5722
2 5836
1 5830
1 5831
3 5723
2 5837
1 5832
0 5786
2 5869
0 5836
1 5908
2 5917
2 5918
3 5805
3 5806
1 5909
3 5807
1 5910
1 5911
3 5808
2 5919
1 5912
3 5809
3 5810
3 5811
3 5812
1 5913
1 5914
2 5920
2 5921
2 5922
0 5887
1 5966
1 5967
0 5937
1 6017
2 6024
3 5904
2 6025
1 6018
3 5905
0 5987
0 6037
0 6087
0 6137
0 6186
1 6257
1 6258
0 6235
2 6309
0 6285
2 6361
1 6357
3 6265
1 6358
0 6335
2 6394
3 6299
2 6395
0 6385
2 6426
1 6446
2 6429
1 6454
3 6358
2 6434
3 6359
1 6458
1 6459
3 6360
1 6460
3 6361
2 6439
0 6441
3 6409
0 6491
3 6449
1 6559
1 6560
3 6450
1 6561
0 6541
3 6509
3 6510
1 6605
2 6597
2 6598
0 6592
1 6665
3 6559
1 6666
1 6667
1 6670
2 6642
0 6643
0 6690
3 6655
2 6735
0 6740
1 6810
0 6790
2 6839
2 6842
2 6845
3 6764
3 6765
3 6766
0 6846
3 6803
3 6804
1 6921
2 6893
0 6895
3 6854
0 6945
3 6914
3 6916
2 7004
3 6925
2 7008
0 7004
2 7061
2 7064
2 7067
2 7071
1 7099
2 7072
0 7059
3 7032
1 7165
1 7166
1 7167
1 7168
0 7109
1 7201
1 7202
1 7203
2 7138
3 7069
2 7140
2 7147
0 7164
2 7200
3 7126
2 7202
3 7128
2 7204
0 7215
2 7255
0 7265
0 7315
3 7254
0 7362
3 7311
2 7390
1 7454
2 7391
2 7392
1 7455
3 7312
0 7413
2 7459
1 7516
1 7517
3 7361
2 7460
1 7518
0 7463
2 7512
1 7564
2 7513
0 7512
3 7441
3 7442
3 7443
1 7599
3 7444
3 7445
1 7600
3 7446
2 7559
3 7447
1 7601
2 7560
3 7448
1 7602
3 7449
0 7562
0 7612
2 7653
0 7661
1 7763
2 7720
3 7593
0 7711
1 7810
3 7640
3 7641
2 7761
0 7761
0 7811
0 7861
3 7843
0 7911
3 7894
1 8070
2 8017
1 8071
0 7961
1 8121
1 8122
1 8123
0 8011
3 7972
1 8171
0 8061
2 8163
1 8217
3 8024
1 8218
0 8111
0 8161
0 8211
3 8188
1 8383
2 8313
3 8189
1 8384
3 8190
3 8191
2 8314
1 8385
1 8386
2 8315
3 8192
1 8387
0 8261
0 8311
0 8361
2 8462
3 8323
3 8324
3 8325
1 8522
3 8326
0 8411
0 8461
0 8511
0 8561
3 8545
1 8748
2 8700
3 8546
0 8611
1 8814
1 8815
1 8816
0 8661
0 8711
1 8925
3 8710
3 8711
3 8712
2 8880
3 8713
0 8761
3 8767
2 8940
2 8941
3 8768
1 8989
1 8990
0 8811
1 9030
1 9031
2 8977
0 8860
3 8843
0 8910
3 8878
3 8879
3 8880
1 9112
2 9059
0 8961
3 8931
2 9116
2 9117
2 9118
0 9011
1 9181
1 9182
2 9164
1 9183
1 9184
3 8977
3 8978
2 9165
0 9061
1 9256
0 9111
2 9281
0 9161
1 9363
1 9364
1 9365
1 9366
