3 119
2 129
1 145
1 146
2 130
1 147
0 144
2 132
2 133
2 134
1 148
1 149
1 150
3 122
2 135
3 123
0 150
2 139
2 140
3 127
0 152
3 132
1 156
0 156
3 137
1 161
0 161
2 151
1 162
3 140
3 141
2 152
2 153
3 142
0 166
0 171
3 152
1 170
1 171
2 162
2 163
3 155
2 164
3 156
2 165
2 166
0 176
1 176
1 177
1 178
2 170
0 181
0 186
1 187
3 173
3 174
1 188
0 191
0 194
2 187
0 198
0 205
0 211
3 193
2 207
0 217
2 214
0 222
1 218
3 214
3 215
1 219
1 220
1 221
2 220
2 221
1 222
2 222
1 223
3 216
1 224
2 223
2 224
3 217
3 218
3 219
2 226
0 229
2 232
3 226
1 230
1 231
3 227
1 232
1 233
0 235
0 241
3 231
1 252
3 232
2 238
2 239
2 240
1 253
3 233
1 254
1 255
2 241
0 247
1 257
2 244
3 239
2 245
2 246
2 247
0 253
0 259
0 265
0 270
0 277
1 291
1 295
3 276
3 277
0 285
2 293
0 291
0 297
0 303
1 331
2 315
2 316
3 305
1 334
1 335
2 319
3 307
2 320
2 321
2 322
1 336
1 337
1 338
0 312
2 325
0 321
1 362
2 343
3 336
3 337
1 363
2 344
0 329
2 351
2 352
0 338
1 376
3 351
0 347
3 356
1 382
0 356
1 391
1 392
1 393
2 377
0 364
2 391
2 392
1 406
3 380
0 377
3 384
0 388
2 421
2 422
1 429
1 430
1 431
2 423
0 399
2 434
0 408
2 441
3 424
3 425
1 450
3 429
1 454
0 428
2 452
1 464
0 441
0 452
2 474
0 457
3 467
0 462
0 468
3 476
3 477
2 487
3 478
2 488
2 489
1 504
0 488
1 519
1 523
1 528
0 510
0 523
0 538
0 552
1 579
1 580
0 569
0 588
2 608
1 630
0 608
1 648
0 628
3 646
1 677
0 650
1 698
2 675
1 699
3 672
0 674
0 692
3 716
3 717
1 740
1 744
2 721
3 720
3 721
2 722
0 719
3 748
0 743
0 767
1 820
1 824
1 826
1 832
1 839
0 806
3 849
2 832
2 833
3 850
2 834
0 829
3 862
1 882
2 863
0 864
3 889
2 880
0 875
1 926
2 920
3 929
3 930
0 908
3 944
0 922
0 942
0 969
2 995
3 1002
3 1003
2 997
1 1000
1 1014
3 1025
0 1013
2 1060
0 1053
2 1106
1 1095
0 1092
0 1131
3 1187
0 1172
3 1225
2 1235
1 1240
2 1236
1 1241
3 1226
1 1242
3 1227
0 1216
0 1262
3 1281
1 1310
2 1320
3 1282
2 1321
0 1308
1 1346
2 1356
2 1357
1 1347
3 1321
3 1322
0 1353
2 1412
1 1404
3 1381
1 1405
0 1401
0 1451
1 1501
3 1482
0 1501
1 1542
0 1551
1 1594
0 1601
0 1649
1 1686
2 1688
1 1687
0 1699
3 1715
2 1740
2 1741
2 1742
3 1716
1 1720
0 1749
3 1757
0 1799
1 1798
2 1834
3 1821
1 1799
3 1822
1 1800
0 1849
2 1887
1 1865
1 1866
0 1899
2 1948
3 1916
2 1949
0 1949
2 2004
0 1999
1 2039
3 2022
0 2049
0 2099
3 2132
3 2133
3 2135
0 2149
0 2199
2 2270
2 2271
2 2272
2 2273
0 2249
0 2299
0 2349
1 2360
1 2361
2 2418
0 2399
3 2432
3 2433
0 2449
2 2502
1 2447
3 2490
0 2499
2 2555
0 2549
1 2537
1 2538
0 2600
2 2633
1 2568
0 2650
2 2686
2 2687
0 2700
0 2750
1 2727
3 2767
0 2800
3 2827
1 2779
1 2780
1 2781
2 2828
3 2828
2 2829
2 2830
2 2831
0 2850
3 2903
0 2900
2 2941
0 2951
3 3019
1 2938
1 2939
0 3001
2 3073
0 3051
0 3101
3 3178
3 3179
0 3151
1 3182
0 3201
1 3225
0 3251
3 3298
1 3282
3 3299
3 3300
2 3311
0 3301
2 3363
2 3364
0 3352
2 3407
0 3401
0 3450
1 3487
2 3484
2 3485
1 3488
0 3500
3 3516
1 3532
2 3549
2 3550
2 3551
2 3552
0 3551
0 3601
3 3603
0 3650
3 3665
3 3666
3 3667
0 3699
3 3719
0 3749
0 3799
3 3811
0 3848
3 3867
1 3873
0 3892
3 3920
3 3921
0 3941
0 3991
1 4028
3 4019
3 4020
3 4021
2 4057
1 4029
3 4022
1 4030
2 4058
0 4041
0 4090
2 4152
2 4154
1 4123
1 4124
1 4125
3 4103
2 4157
3 4104
3 4105
0 4140
2 4205
2 4206
0 4190
1 4228
2 4266
0 4240
3 4254
3 4255
2 4311
3 4257
2 4312
0 4290
0 4340
2 4386
2 4388
0 4393
1 4446
0 4444
0 4490
2 4562
1 4556
0 4540
2 4599
1 4601
2 4602
1 4602
1 4603
2 4604
2 4606
2 4609
3 4552
1 4613
2 4610
3 4553
2 4612
0 4597
3 4600
0 4647
3 4645
3 4646
2 4711
2 4712
2 4713
1 4697
0 4698
3 4712
3 4713
3 4714
1 4760
1 4761
2 4780
1 4762
3 4715
1 4763
0 4748
2 4838
3 4757
3 4758
1 4803
2 4839
3 4759
2 4840
3 4760
3 4761
3 4762
2 4841
1 4804
3 4763
2 4842
1 4805
1 4806
2 4843
2 4844
0 4798
0 4848
0 4897
0 4947
3 4977
2 5062
3 4978
1 5006
0 4997
3 5021
2 5125
0 5047
0 5097
2 5201
1 5137
1 5138
3 5103
1 5139
1 5140
1 5141
3 5104
3 5105
1 5142
2 5202
1 5143
0 5147
0 5197
3 5225
0 5248
0 5298
2 5427
3 5323
2 5428
3 5324
1 5382
2 5429
1 5383
0 5347
3 5368
0 5398
3 5414
2 5526
3 5415
2 5527
3 5416
3 5417
2 5528
0 5448
1 5558
1 5559
1 5560
1 5561
0 5498
3 5516
1 5614
2 5640
2 5641
1 5615
2 5642
2 5643
0 5548
0 5598
0 5648
0 5698
1 5807
0 5748
0 5798
3 5762
2 5877
0 5848
0 5898
2 5985
0 5948
0 5998
3 5966
3 5969
1 6097
3 5970
0 6048
3 6031
0 6097
1 6182
1 6183
1 6184
1 6185
0 6147
3 6121
0 6197
2 6260
2 6261
1 6272
3 6165
2 6262
1 6273
3 6166
3 6167
3 6168
3 6169
2 6263
3 6170
1 6274
3 6171
1 6275
1 6276
1 6277
1 6278
3 6172
1 6279
3 6173
3 6174
0 6247
3 6222
2 6318
0 6297
1 6366
2 6366
3 6270
1 6367
1 6368
0 6346
1 6405
0 6396
2 6443
2 6445
1 6466
0 6446
1 6518
0 6496
1 6564
0 6546
2 6600
2 6601
2 6603
0 6596
0 6646
2 6693
3 6609
1 6718
1 6719
3 6610
0 6696
2 6739
1 6770
3 6663
1 6771
3 6664
2 6742
0 6746
1 6813
3 6706
1 6814
1 6815
0 6795
2 6844
3 6759
3 6760
1 6878
0 6843
3 6800
0 6890
3 6847
2 6932
0 6940
1 7021
2 6997
3 6905
3 6906
3 6907
2 7000
0 6995
3 6978
0 7045
1 7143
0 7095
0 7145
0 7195
3 7151
2 7233
2 7234
0 7245
0 7294
0 7344
3 7288
3 7289
1 7438
2 7373
2 7374
2 7375
3 7290
1 7439
0 7395
2 7429
1 7490
3 7345
0 7445
2 7501
0 7497
0 7546
2 7597
0 7596
2 7632
1 7686
3 7531
2 7633
1 7687
1 7688
1 7689
1 7691
2 7638
1 7692
3 7532
0 7647
3 7581
2 7703
1 7742
3 7582
0 7697
2 7747
2 7748
0 7747
2 7800
0 7797
1 7913
3 7758
2 7869
1 7914
2 7870
2 7871
1 7915
3 7759
2 7872
0 7847
3 7820
1 7981
3 7821
0 7897
0 7947
2 8050
0 7997
3 7962
3 7963
3 7964
0 8047
1 8207
2 8154
0 8097
1 8266
1 8267
3 8069
3 8070
3 8071
3 8072
2 8219
0 8147
2 8261
3 8131
0 8197
0 8247
2 8350
2 8351
0 8297
1 8459
3 8267
0 8347
1 8509
0 8397
2 8505
1 8557
3 8362
2 8506
0 8447
1 8610
2 8565
1 8611
1 8612
0 8497
2 8636
3 8466
3 8467
0 8547
1 8735
1 8736
1 8737
0 8596
0 8645
1 8839
3 8636
1 8840
2 8805
2 8806
1 8841
0 8695
2 8855
1 8904
0 8745
3 8746
3 8747
2 8910
1 8963
3 8748
1 8964
1 8965
2 8911
0 8795
0 8845
3 8831
2 9008
3 8832
2 9009
1 9057
1 9058
0 8895
2 9040
3 8861
0 8945
3 8918
0 8995
3 8962
3 8963
2 9145
3 8964
1 9171
2 9146
1 9172
1 9173
0 9044
3 9027
2 9211
3 9029
2 9212
2 9213
1 9237
3 9030
0 9094
1 9292
3 9076
2 9256
1 9293
3 9077
0 9145
2 9313
0 9195
1 9392
2 9363
1 9395
3 9186
1 9396
1 9397
1 9398
3 9187
3 9188
1 9399
0 9244
3 9240
1 9439
2 9412
0 9293
0 9342
1 9565
1 9566
3 9349
1 9567
3 9350
3 9351
0 9392
2 9549
2 9550
3 9382
3 9383
3 9384
1 9600
1 9601
3 9385
0 9441
3 9422
2 9590
0 9491
3 9482
2 9648
0 9540
3 9524
0 9589
2 9731
2 9732
2 9733
1 9785
2 9734
1 9786
0 9638
3 9594
1 9826
3 9595
1 9827
3 9596
2 9776
1 9828
0 9686
3 9659
1 9895
3 9660
2 9847
0 9735
2 9892
0 9784
1 9990
3 9760
1 9991
3 9761
1 9992
0 9832
1 10045
1 10046
2 10029
3 9823
1 10047
2 10030
3 9824
2 10031
1 10048
0 9881
3 9864
0 9930
1 10134
0 9980
3 9952
0 10029
1 10196
3 9983
0 10078
3 10042
1 10249
0 10127
3 10077
1 10277
0 10176
3 10128
3 10129
3 10130
0 10225
2 10359
1 10379
1 10380
1 10381
1 10382
0 10274
2 10398
0 10323
1 10451
0 10374
1 10506
2 10477
2 10478
1 10507
0 10423
2 10525
1 10554
2 10526
0 10472
3 10380
1 10612
3 10381
3 10382
3 10383
2 10577
1 10613
2 10578
2 10579
0 10521
1 10656
3 10428
3 10429
2 10615
0 10571
0 10619
2 10730
2 10731
2 10732
3 10514
2 10733
2 10734
1 10780
1 10781
2 10735
2 10736
1 10782
2 10737
3 10515
1 10783
2 10738
2 10739
0 10667
3 10563
2 10784
2 10785
3 10564
0 10715
2 10849
3 10607
0 10763
1 10903
3 10649
0 10811
0 10859
0 10907
2 11033
3 10810
0 10955
2 11096
2 11097
1 11117
0 11003
2 11126
2 11127
3 10913
3 10914
2 11128
3 10915
2 11129
1 11152
2 11131
3 10917
3 10918
1 11153
1 11154
0 11052
0 11099
0 11147
2 11260
0 11195
3 11101
2 11304
0 11243
2 11357
0 11290
0 11337
3 11257
3 11258
3 11259
0 11384
3 11300
3 11301
0 11431
2 11548
1 11609
3 11345
3 11346
3 11347
0 11478
0 11525
0 11572
0 11619
1 11783
1 11784
3 11534
0 11666
3 11588
1 11821
2 11785
3 11589
1 11822
0 11713
3 11624
0 11760
0 11807
2 11914
1 11933
3 11707
0 11854
3 11759
0 11900
0 11946
3 11846
2 12047
1 12055
3 11847
1 12056
3 11848
1 12057
1 12058
2 12048
3 11849
1 12059
3 11850
0 11992
0 12038
2 12124
3 11957
1 12166
2 12125
3 11958
0 12084
1 12202
3 11997
3 11998
3 11999
0 12131
2 12201
3 12049
0 12177
2 12226
2 12227
2 12228
2 12229
1 12269
2 12230
3 12087
0 12223
1 12320
0 12269
0 12314
1 12406
3 12241
1 12407
0 12360
3 12294
3 12295
0 12406
3 12337
0 12452
3 12383
3 12384
3 12385
2 12509
1 12571
3 12386
3 12387
2 12510
2 12511
2 12512
0 12499
0 12545
2 12604
0 12591
0 12636
1 12807
0 12682
3 12641
2 12741
