2 248
1 261
1 262
1 263
3 245
2 254
3 246
1 264
3 247
2 255
2 256
0 258
0 264
0 273
0 280
1 299
1 300
2 287
0 286
2 298
1 312
1 313
2 299
2 300
1 314
2 301
0 294
0 301
0 309
3 312
1 339
0 317
2 333
0 326
1 369
0 334
1 374
2 359
0 343
1 380
0 352
1 388
2 371
2 372
1 389
2 373
0 362
1 404
3 379
0 376
0 387
1 422
1 423
1 424
1 425
3 394
3 395
1 426
2 416
1 427
3 396
2 417
2 418
2 419
3 397
3 398
3 399
3 400
1 428
2 420
0 398
0 407
3 423
2 442
0 417
2 445
3 432
2 446
0 424
2 450
0 432
0 436
0 445
0 455
3 466
2 477
2 478
1 494
0 465
3 475
0 474
3 481
3 482
0 482
2 503
2 504
0 493
1 526
1 531
0 512
1 548
2 542
3 524
3 525
0 532
3 537
3 538
3 539
0 548
3 548
0 565
3 559
3 560
2 576
2 577
0 583
1 621
2 604
1 622
1 623
1 624
0 603
2 623
3 618
3 619
1 646
0 624
1 668
2 651
3 640
0 645
1 694
3 666
3 667
2 670
1 697
2 671
0 669
1 717
0 693
2 719
1 742
1 745
0 720
1 770
1 771
3 751
1 772
1 773
0 747
1 800
2 783
2 784
3 786
0 775
1 836
0 802
1 861
0 836
2 849
1 888
0 868
0 881
0 891
1 939
3 947
0 924
2 959
2 960
2 962
0 948
0 976
3 1014
0 996
2 1025
2 1026
1 1035
2 1039
3 1044
3 1045
2 1043
0 1035
2 1078
0 1070
2 1120
1 1111
2 1121
1 1112
3 1114
0 1109
3 1155
1 1167
0 1149
1 1214
1 1215
1 1216
2 1196
3 1200
1 1217
2 1197
0 1192
0 1237
1 1288
0 1283
1 1326
0 1329
3 1349
0 1375
0 1425
0 1474
2 1529
2 1530
0 1524
2 1570
1 1574
0 1574
2 1621
1 1613
0 1624
2 1671
1 1670
2 1672
0 1674
2 1717
0 1724
2 1767
3 1739
2 1768
2 1769
0 1775
2 1816
2 1817
3 1790
3 1791
1 1782
0 1825
3 1842
1 1830
1 1831
2 1855
2 1856
3 1843
0 1875
1 1893
3 1883
2 1911
1 1894
0 1925
2 1971
3 1943
2 1972
1 1958
0 1975
3 2000
0 2027
2 2086
1 2067
2 2087
2 2088
1 2068
2 2089
0 2077
3 2124
1 2133
0 2127
2 2205
2 2206
3 2177
2 2207
3 2178
3 2179
0 2177
2 2249
1 2210
1 2211
2 2250
0 2227
0 2277
2 2333
2 2334
1 2293
1 2294
3 2314
2 2335
2 2336
3 2315
2 2337
0 2327
2 2389
1 2341
2 2390
3 2359
0 2377
0 2427
2 2484
3 2457
2 2485
2 2486
1 2429
3 2458
0 2476
2 2525
2 2526
3 2513
1 2467
3 2514
0 2526
2 2575
1 2520
3 2569
1 2521
2 2576
0 2576
0 2626
1 2600
1 2601
2 2662
2 2663
2 2664
0 2676
0 2726
0 2776
2 2801
0 2826
2 2862
1 2818
2 2863
0 2877
3 2931
3 2932
2 2917
2 2918
3 2933
2 2919
1 2863
2 2920
3 2934
0 2927
3 2989
0 2976
0 3026
1 3017
2 3095
2 3096
2 3097
3 3094
2 3098
2 3099
0 3076
0 3126
1 3165
3 3206
2 3191
3 3207
0 3176
0 3226
3 3282
1 3258
0 3276
1 3314
1 3315
0 3326
1 3361
1 3362
1 3363
3 3366
1 3364
1 3365
0 3376
1 3414
0 3426
3 3440
0 3475
1 3518
3 3492
0 3526
0 3576
3 3583
0 3626
0 3676
1 3705
1 3706
2 3702
0 3726
2 3763
1 3768
2 3764
2 3765
3 3743
2 3766
2 3767
1 3769
0 3776
2 3816
2 3817
0 3827
0 3876
2 3947
1 3913
0 3924
3 3967
1 3963
1 3964
2 4009
1 3965
0 3974
3 4004
0 4024
2 4092
3 4045
1 4062
0 4074
3 4087
1 4109
2 4130
3 4088
1 4110
2 4131
2 4132
3 4089
2 4133
3 4090
3 4091
0 4124
1 4149
0 4174
0 4224
2 4300
3 4242
1 4272
1 4273
0 4274
0 4323
2 4375
0 4373
2 4421
3 4374
0 4423
3 4446
0 4471
0 4516
1 4578
2 4583
2 4584
0 4566
1 4628
0 4616
0 4666
2 4741
3 4676
2 4742
3 4677
0 4715
3 4722
0 4765
3 4800
0 4814
2 4921
1 4868
1 4869
2 4922
1 4870
2 4923
0 4865
1 4916
0 4915
2 5030
3 4947
3 4948
2 5031
1 4973
2 5032
1 4974
1 4975
3 4949
2 5033
2 5034
3 4950
0 4965
0 5015
3 5031
0 5066
3 5072
2 5167
1 5101
0 5116
0 5165
1 5217
0 5215
1 5288
3 5242
3 5243
2 5345
2 5346
3 5244
0 5265
0 5315
0 5365
3 5386
1 5451
3 5387
2 5498
0 5415
1 5508
2 5553
0 5466
0 5516
3 5526
3 5527
0 5566
3 5568
2 5687
1 5671
0 5616
1 5716
0 5666
2 5768
0 5716
0 5766
2 5857
3 5738
1 5850
0 5816
0 5866
1 5943
1 5944
0 5916
1 5997
1 5998
1 5999
3 5894
3 5895
1 6000
0 5966
1 6056
1 6057
2 6054
1 6058
1 6059
3 5932
2 6055
0 6016
1 6115
2 6100
3 5989
0 6066
0 6116
0 6166
2 6237
1 6241
3 6139
2 6238
2 6239
1 6243
2 6240
2 6241
1 6244
0 6218
2 6285
2 6287
2 6288
0 6268
2 6350
2 6351
0 6318
0 6369
3 6329
3 6330
2 6413
1 6422
2 6414
0 6419
0 6468
0 6518
0 6568
1 6638
3 6538
3 6539
0 6620
3 6576
1 6689
2 6660
1 6692
2 6663
0 6669
2 6718
2 6719
0 6719
1 6796
0 6769
1 6843
3 6731
1 6844
1 6845
0 6819
2 6869
0 6869
3 6829
3 6830
2 6908
2 6909
0 6920
2 6964
2 6969
3 6889
2 6976
2 6984
2 6991
2 6996
2 6999
1 7028
1 7029
3 6913
3 6917
3 6918
1 7030
3 6919
3 6920
0 6991
1 7079
1 7080
2 7048
3 6974
1 7081
2 7049
3 6975
1 7083
3 6976
1 7084
3 6977
0 7043
2 7095
1 7140
1 7141
3 7021
3 7022
1 7142
0 7094
3 7053
1 7195
3 7054
0 7144
2 7181
2 7182
0 7194
3 7150
0 7243
0 7293
0 7343
1 7437
0 7393
2 7428
1 7489
0 7443
3 7395
2 7498
3 7396
2 7499
0 7493
1 7586
3 7423
1 7587
2 7545
3 7424
0 7543
1 7639
3 7482
1 7640
0 7592
0 7642
2 7697
2 7698
0 7692
2 7738
1 7787
1 7788
0 7742
0 7792
1 7908
1 7909
2 7865
0 7842
2 7930
2 7931
1 7975
0 7893
2 7993
0 7942
2 8048
0 7991
3 7954
3 7955
2 8098
1 8152
2 8099
2 8100
3 7956
3 7958
0 8042
2 8146
2 8147
3 8001
3 8002
2 8148
2 8149
3 8003
0 8091
3 8061
0 8140
1 8311
1 8312
2 8256
2 8257
2 8258
2 8259
3 8120
2 8260
0 8190
2 8294
3 8165
3 8166
2 8295
0 8240
2 8347
3 8216
0 8290
3 8259
2 8388
2 8389
3 8260
0 8340
3 8307
2 8439
2 8444
3 8309
0 8391
0 8441
0 8491
1 8669
0 8541
3 8524
2 8689
0 8591
2 8731
0 8641
2 8803
0 8691
3 8675
2 8848
2 8849
3 8676
1 8891
3 8677
2 8850
1 8892
2 8851
1 8893
0 8741
2 8909
3 8739
0 8791
3 8792
0 8841
3 8829
0 8891
3 8859
1 9094
0 8941
3 8915
1 9136
2 9094
0 8992
0 9042
3 9021
3 9022
2 9206
3 9023
2 9207
0 9091
3 9074
3 9075
0 9141
3 9127
0 9191
2 9361
0 9240
0 9289
3 9280
0 9338
3 9345
2 9509
2 9510
1 9558
0 9387
0 9436
1 9643
1 9644
0 9485
1 9695
2 9639
3 9476
1 9696
0 9533
3 9516
1 9741
0 9583
1 9781
0 9632
0 9681
2 9826
1 9877
3 9644
0 9730
0 9779
1 9984
3 9756
0 9828
3 9819
2 10021
0 9877
0 9926
3 9908
3 9909
2 10110
3 9910
1 10130
0 9975
0 10024
3 9981
0 10072
0 10121
3 10067
0 10170
0 10219
3 10167
0 10268
2 10395
1 10423
3 10208
2 10396
3 10209
3 10210
1 10424
3 10211
1 10425
0 10317
2 10428
3 10246
0 10366
0 10415
3 10334
2 10520
1 10550
2 10522
2 10523
3 10335
0 10465
3 10376
0 10514
1 10652
0 10563
2 10663
1 10719
2 10664
1 10720
3 10475
3 10476
0 10612
1 10770
2 10715
0 10661
3 10551
3 10552
1 10802
2 10772
3 10553
2 10773
2 10774
0 10709
2 10842
3 10601
2 10843
3 10602
1 10865
3 10603
2 10844
3 10604
1 10866
0 10757
1 10899
0 10805
0 10853
3 10751
0 10900
1 11055
0 10948
2 11081
2 11082
0 10996
3 10900
3 10901
3 10902
0 11045
0 11093
1 11254
3 11007
1 11255
2 11215
3 11008
1 11256
3 11009
2 11216
1 11257
2 11217
2 11218
1 11258
3 11010
1 11259
0 11141
1 11293
1 11294
0 11188
0 11236
1 11397
3 11149
1 11398
3 11150
3 11151
1 11399
0 11283
2 11399
1 11455
1 11456
0 11330
0 11377
0 11424
1 11601
2 11538
2 11539
1 11604
1 11605
0 11472
1 11650
3 11391
1 11651
0 11519
0 11566
2 11682
0 11612
1 11779
3 11527
2 11731
1 11780
3 11528
3 11529
3 11530
3 11531
0 11659
0 11706
1 11854
0 11753
2 11860
1 11885
1 11886
2 11861
1 11887
0 11800
3 11700
2 11907
1 11926
2 11908
0 11847
3 11744
1 11968
1 11969
3 11745
0 11893
3 11795
0 11938
3 11843
1 12051
0 11984
0 12030
0 12076
0 12122
0 12168
3 12080
3 12081
0 12214
3 12130
3 12131
1 12310
3 12132
3 12133
1 12311
0 12260
2 12320
2 12321
2 12322
1 12366
1 12367
0 12307
3 12233
2 12357
1 12403
3 12234
0 12353
0 12398
1 12517
3 12330
0 12444
1 12560
0 12490
0 12536
2 12587
0 12582
0 12628
3 12580
2 12679
1 12790
3 12581
1 12791
0 12674
0 12719
0 12764
3 12722
1 12926
2 12812
1 12927
3 12723
0 12809
3 12774
2 12862
1 12979
1 12980
1 12981
3 12775
2 12863
0 12854
1 13023
1 13024
1 13025
3 12810
0 12898
1 13069
3 12852
1 13070
0 12944
3 12890
1 13121
2 12978
1 13122
1 13123
2 12979
0 12988
1 13161
1 13162
0 13032
3 12983
3 12984
3 12985
1 13198
2 13053
0 13076
0 13115
1 13272
2 13133
3 13084
1 13278
1 13279
1 13280
3 13085
0 13160
0 13203
0 13246
0 13286
2 13286
0 13329
1 13487
2 13330
1 13488
2 13331
1 13489
2 13332
1 13492
1 13493
2 13334
0 13375
2 13384
3 13333
1 13547
3 13334
0 13417
2 13424
3 13389
0 13460
0 13472
3 13422
1 13621
1 13622
3 13423
2 13469
2 13511
0 13561
2 13553
1 13739
0 13601
1 13740
0 13602
3 13547
0 13603
2 13595
0 13656
1 13789
0 13657
2 13635
2 13674
0 13747
3 13660
1 13873
1 13874
3 13661
0 13748
1 13875
1 13876
3 13662
3 13663
0 13749
2 13714
0 13792
2 13754
2 13793
1 13988
0 13890
3 13772
2 13832
2 13871
0 13966
3 13854
2 13909
0 13996
3 13893
3 13894
2 13947
2 13984
2 14021
3 13977
3 13978
3 13979
2 14058
2 14094
1 14311
0 14202
2 14130
0 14224
2 14166
1 14380
0 14278
3 14175
3 14176
1 14381
3 14177
0 14279
0 14280
0 14281
3 14178
1 14382
0 14283
1 14383
0 14284
2 14202
0 14329
1 14425
2 14236
0 14379
0 14380
3 14261
2 14267
2 14297
2 14328
1 14541
3 14349
3 14350
2 14358
3 14370
0 14500
2 14387
2 14417
3 14433
2 14447
2 14476
1 14658
2 14505
2 14532
1 14702
1 14703
3 14510
3 14511
3 14512
3 14513
