1 345
3 320
3 321
1 347
2 330
3 322
2 331
2 332
0 325
1 368
3 338
3 339
2 347
2 348
3 340
2 349
3 341
2 350
0 336
2 360
3 350
0 345
0 354
2 374
3 363
1 394
2 378
0 365
0 372
2 405
0 380
0 389
0 400
1 439
2 436
3 412
1 441
1 444
3 415
1 445
3 416
0 413
3 428
2 444
1 453
3 434
1 457
2 451
3 438
1 463
3 443
1 468
3 448
0 446
3 462
2 472
1 486
0 461
0 466
0 475
2 496
1 507
2 499
2 500
1 510
1 511
3 486
0 495
2 521
1 529
0 511
2 533
1 545
0 527
0 542
1 570
2 557
2 558
1 571
2 559
3 547
2 560
1 572
0 559
1 586
0 577
3 582
2 591
1 616
2 592
2 593
2 594
3 583
1 617
3 584
1 618
2 595
1 619
0 596
2 615
0 615
1 660
1 661
2 637
3 628
2 638
0 636
2 661
1 685
0 658
0 677
2 700
1 726
3 701
3 702
3 703
3 704
3 705
1 728
3 708
3 710
1 732
1 733
0 709
1 759
2 743
3 734
1 760
1 761
2 745
3 735
2 746
3 736
3 742
2 753
1 766
2 761
2 763
2 767
3 757
2 774
0 764
1 815
1 816
3 798
2 799
3 805
1 822
1 825
1 827
1 830
1 833
3 823
3 824
3 825
3 826
3 827
2 813
1 842
0 810
0 831
0 850
3 875
1 900
3 896
3 897
2 892
2 893
0 880
0 890
3 919
2 908
3 920
2 909
2 910
3 921
2 911
3 922
3 923
0 897
1 949
2 948
2 949
3 960
0 936
1 976
2 979
0 974
2 1002
3 1008
2 1003
3 1009
1 1007
3 1020
3 1021
1 1019
1 1026
3 1032
1 1037
2 1046
2 1049
0 1037
1 1071
1 1072
1 1073
2 1082
0 1073
1 1114
2 1123
0 1112
2 1167
3 1165
2 1168
3 1166
1 1174
1 1175
0 1152
3 1201
1 1218
2 1198
1 1219
0 1194
2 1261
1 1256
1 1257
2 1262
2 1263
0 1238
1 1289
1 1290
1 1291
0 1284
0 1330
1 1375
1 1376
3 1350
2 1384
1 1377
2 1385
3 1351
0 1376
3 1401
0 1427
2 1495
1 1475
3 1443
2 1496
0 1477
1 1519
1 1520
0 1527
0 1577
1 1617
2 1624
0 1627
3 1646
0 1677
3 1693
1 1706
0 1727
2 1772
0 1777
0 1827
1 1834
2 1858
0 1877
0 1927
3 1944
1 1959
2 1973
1 1960
0 1977
2 2033
1 2009
2 2034
1 2010
0 2026
2 2085
0 2076
0 2126
1 2177
2 2204
3 2176
0 2176
1 2208
3 2227
1 2209
0 2226
2 2300
0 2276
1 2292
3 2313
0 2326
1 2340
2 2388
0 2376
0 2426
1 2427
1 2428
3 2455
3 2456
2 2487
1 2430
0 2477
1 2468
2 2527
2 2528
0 2527
3 2570
1 2522
0 2577
0 2627
2 2665
0 2677
3 2704
1 2663
2 2707
1 2664
0 2727
1 2705
3 2752
2 2759
3 2753
3 2754
0 2777
2 2802
1 2751
2 2803
1 2752
3 2800
0 2828
2 2864
3 2878
3 2879
1 2819
0 2878
0 2928
2 2982
2 2983
3 2994
1 2909
2 2984
2 2985
0 2978
1 2981
1 2982
2 3049
2 3050
2 3051
0 3028
2 3101
1 3019
3 3095
0 3077
1 3105
2 3150
1 3106
1 3107
3 3150
3 3151
3 3152
0 3127
1 3166
3 3208
2 3192
3 3209
2 3193
0 3177
1 3196
1 3197
0 3227
2 3276
2 3277
0 3277
1 3316
1 3317
2 3339
1 3318
2 3340
1 3319
0 3327
2 3383
3 3367
2 3384
2 3385
0 3378
1 3417
2 3425
3 3404
2 3426
0 3429
1 3464
1 3465
2 3463
0 3479
0 3529
3 3532
1 3547
0 3579
3 3585
3 3586
2 3610
2 3611
2 3612
3 3587
0 3628
2 3648
3 3633
1 3637
2 3649
2 3650
1 3638
1 3639
1 3640
3 3635
0 3679
3 3692
0 3727
2 3768
1 3770
3 3744
3 3745
2 3769
3 3746
2 3770
2 3771
2 3772
0 3778
2 3818
2 3819
2 3820
2 3822
1 3812
2 3824
3 3787
1 3813
3 3788
0 3830
1 3862
1 3863
2 3878
2 3883
2 3888
2 3895
3 3863
0 3888
1 3919
0 3938
0 3988
1 4024
0 4038
2 4098
0 4088
2 4147
3 4097
3 4098
3 4099
0 4138
1 4168
3 4157
0 4187
1 4220
1 4221
0 4235
1 4280
1 4281
0 4285
0 4335
2 4382
3 4327
1 4374
0 4385
1 4436
2 4431
2 4432
3 4393
2 4433
0 4436
2 4492
2 4496
3 4453
2 4502
0 4493
0 4542
3 4542
2 4605
3 4543
1 4604
1 4605
3 4544
3 4545
0 4591
0 4641
2 4700
1 4683
2 4701
1 4684
2 4702
3 4638
3 4640
1 4686
1 4688
3 4641
3 4642
2 4704
2 4705
2 4706
2 4707
1 4690
3 4644
1 4691
1 4692
1 4693
1 4694
0 4694
1 4751
3 4706
3 4707
0 4744
2 4827
2 4828
1 4794
3 4749
1 4795
2 4829
1 4796
1 4797
3 4750
2 4830
3 4752
2 4834
2 4835
3 4753
2 4836
3 4754
3 4755
0 4795
2 4892
3 4814
2 4894
0 4844
3 4865
3 4866
1 4905
3 4867
0 4894
2 5003
0 4943
0 4993
2 5124
0 5043
2 5154
3 5053
0 5093
1 5131
1 5132
3 5097
3 5098
2 5197
0 5143
1 5192
2 5255
3 5157
2 5256
1 5193
3 5158
0 5193
3 5215
1 5258
2 5319
3 5216
3 5217
0 5243
0 5293
0 5343
3 5359
3 5360
0 5393
1 5478
1 5479
3 5408
2 5520
3 5409
0 5443
0 5492
1 5607
1 5608
0 5542
3 5554
3 5555
0 5592
0 5642
0 5692
0 5741
0 5791
1 5863
2 5872
3 5752
3 5753
0 5841
3 5817
1 5919
0 5892
1 5972
0 5942
0 5992
0 6042
3 6026
2 6141
1 6144
1 6145
3 6027
0 6092
3 6066
2 6177
1 6175
1 6176
3 6067
3 6068
2 6178
1 6177
1 6178
2 6179
0 6143
0 6192
0 6243
0 6293
0 6343
3 6306
3 6307
0 6393
2 6440
0 6443
0 6492
1 6562
0 6542
0 6591
1 6669
2 6641
0 6642
0 6688
3 6653
2 6731
0 6738
1 6808
2 6780
1 6809
0 6788
2 6835
0 6837
0 6887
3 6845
1 6960
1 6961
1 6962
3 6846
1 6963
0 6937
3 6899
0 6980
3 6963
1 7072
2 7040
0 7032
2 7082
3 7012
2 7083
0 7082
1 7187
2 7117
3 7050
3 7051
1 7188
1 7189
0 7133
3 7097
1 7234
1 7235
0 7180
1 7288
2 7224
2 7225
3 7141
3 7142
3 7143
0 7230
1 7329
2 7275
2 7276
2 7277
2 7278
3 7191
2 7280
3 7192
2 7281
2 7282
2 7283
1 7336
3 7195
1 7337
2 7285
3 7197
2 7286
3 7198
0 7287
0 7337
3 7280
0 7387
1 7485
3 7341
2 7421
2 7422
3 7342
2 7423
3 7343
2 7424
0 7437
1 7539
1 7540
1 7541
1 7543
3 7387
3 7388
3 7389
1 7544
0 7487
3 7417
1 7581
0 7537
0 7587
1 7678
3 7526
0 7637
1 7734
0 7688
1 7784
3 7611
0 7738
0 7788
3 7753
3 7754
1 7905
0 7838
0 7888
3 7873
0 7938
2 8047
0 7988
0 8037
0 8087
2 8209
3 8059
1 8255
3 8060
0 8137
2 8255
3 8118
1 8310
3 8119
0 8187
0 8237
2 8343
2 8344
2 8345
2 8346
3 8215
1 8408
0 8287
1 8448
1 8449
2 8386
0 8337
2 8432
1 8493
1 8494
2 8433
0 8387
3 8344
3 8345
1 8536
2 8485
2 8491
3 8349
0 8436
1 8603
2 8552
0 8486
2 8617
0 8536
1 8723
3 8511
0 8586
2 8728
0 8636
0 8685
2 8842
1 8882
1 8883
0 8735
1 8948
1 8949
2 8902
1 8950
3 8731
3 8732
1 8951
3 8733
1 8952
0 8785
1 9012
3 8787
2 8962
2 8963
2 8964
2 8965
1 9013
3 8788
3 8790
3 8791
1 9014
1 9015
0 8836
2 8998
1 9051
2 8999
2 9000
2 9001
0 8886
0 8936
0 8986
2 9137
3 8957
0 9036
1 9225
1 9226
0 9086
1 9286
0 9135
0 9185
0 9234
0 9282
0 9333
0 9382
1 9592
0 9431
0 9480
1 9684
2 9628
1 9685
3 9465
1 9686
1 9687
2 9629
2 9630
2 9631
2 9632
3 9466
3 9467
0 9529
2 9677
3 9507
2 9678
3 9508
3 9509
3 9510
0 9578
2 9723
3 9557
1 9777
3 9558
0 9627
1 9818
1 9819
1 9820
0 9676
3 9639
1 9871
0 9725
0 9774
2 9954
0 9823
2 10014
2 10015
0 9872
1 10089
0 9921
0 9970
0 10019
3 9980
0 10069
2 10215
1 10232
3 10024
1 10233
2 10216
0 10118
0 10167
0 10216
0 10265
0 10314
2 10426
0 10363
0 10412
0 10461
1 10596
3 10369
2 10558
0 10510
1 10647
3 10420
0 10559
2 10660
0 10608
0 10657
2 10769
0 10705
0 10753
0 10801
3 10695
2 10919
0 10849
2 10964
1 10999
1 11000
3 10745
1 11002
0 10898
3 10805
0 10946
0 10994
0 11042
0 11090
0 11138
2 11249
0 11185
2 11298
1 11336
0 11233
2 11350
0 11280
3 11197
0 11327
1 11502
1 11503
1 11504
1 11505
2 11443
0 11374
3 11288
1 11553
0 11421
1 11592
0 11468
2 11587
3 11383
3 11384
3 11385
0 11515
1 11693
0 11561
3 11483
2 11677
0 11608
1 11774
0 11654
1 11816
3 11580
2 11778
0 11701
2 11816
0 11748
0 11795
3 11693
3 11697
3 11698
0 11844
3 11743
0 11890
1 12009
3 11792
1 12010
0 11936
3 11842
0 11982
1 12095
3 11884
2 12075
1 12096
0 12028
0 12074
0 12120
2 12185
1 12226
0 12166
2 12222
0 12212
1 12308
2 12269
3 12129
1 12309
0 12259
2 12319
0 12305
2 12351
2 12352
1 12401
1 12402
2 12353
2 12354
2 12355
3 12230
3 12231
2 12356
3 12232
0 12351
0 12397
0 12443
3 12368
1 12557
0 12488
2 12546
0 12535
2 12585
1 12673
2 12586
3 12460
1 12674
1 12675
0 12581
0 12627
1 12789
3 12579
0 12673
0 12720
2 12772
0 12765
3 12724
0 12810
0 12855
0 12900
2 12942
3 12853
0 12945
3 12891
3 12892
1 13125
2 12981
0 12990
1 13163
0 13034
3 12989
1 13202
3 12990
1 13203
3 12991
2 13056
1 13204
3 12992
1 13205
0 13078
0 13117
3 13078
0 13152
3 13112
3 13113
3 13114
3 13115
0 13195
2 13190
3 13146
3 13147
1 13345
3 13148
3 13149
0 13238
3 13185
3 13186
2 13226
2 13227
1 13384
0 13281
0 13325
3 13280
2 13323
2 13324
2 13325
2 13326
1 13481
0 13367
3 13318
2 13371
2 13372
1 13532
3 13319
2 13373
2 13374
3 13321
1 13533
1 13534
3 13322
0 13410
3 13359
3 13360
2 13418
0 13456
1 13609
3 13412
2 13461
3 13451
3 13452
3 13453
2 13503
1 13707
3 13504
2 13544
0 13597
0 13598
3 13542
0 13599
1 13735
2 13587
1 13783
1 13784
1 13785
0 13653
1 13786
0 13654
3 13571
2 13628
0 13701
2 13670
2 13710
0 13789
2 13750
0 13841
2 13788
3 13762
2 13827
2 13865
2 13903
2 13941
3 13914
2 13978
0 14070
0 14071
3 13943
1 14191
0 14072
3 13944
0 14073
1 14192
3 13945
2 14015
3 13967
1 14226
2 14053
0 14157
0 14158
1 14267
2 14089
2 14125
1 14334
1 14335
3 14117
3 14118
2 14161
1 14375
2 14196
2 14230
2 14260
0 14414
2 14291
0 14449
2 14322
3 14345
2 14352
1 14558
2 14383
1 14588
0 14523
3 14409
2 14413
0 14551
2 14442
1 14637
2 14471
1 14655
2 14500
2 14527
0 14657
2 14554
1 14716
1 14717
0 14686
3 14533
0 14687
0 14688
2 14578
3 14559
2 14602
