0 384
3 393
0 396
2 432
3 409
1 438
3 411
0 410
0 419
0 427
0 434
1 469
0 447
1 489
1 496
3 469
0 470
3 479
1 503
0 487
3 489
3 490
1 518
1 522
0 503
1 537
2 531
0 516
2 537
2 538
3 517
3 518
3 519
3 520
3 521
1 549
1 551
0 533
0 549
1 578
0 566
2 578
1 591
2 579
1 592
3 561
1 593
0 584
3 597
2 606
1 625
1 626
0 604
0 625
3 643
0 647
3 668
3 669
2 672
0 670
1 718
2 693
3 694
3 695
2 694
3 696
2 695
1 724
2 699
3 698
1 725
0 699
2 724
1 750
1 753
1 756
2 737
2 738
3 730
0 729
0 750
0 777
2 806
2 807
2 808
3 828
1 840
3 830
0 808
0 830
3 863
1 884
2 869
2 870
0 866
0 877
2 900
3 908
2 901
3 909
3 910
3 911
0 889
0 896
1 948
0 933
0 957
3 985
3 986
2 985
0 981
3 1018
3 1019
0 1006
0 1033
2 1074
2 1080
1 1076
2 1087
3 1080
1 1079
0 1078
2 1128
1 1121
0 1117
1 1177
1 1178
2 1170
2 1171
0 1157
2 1205
3 1203
2 1206
0 1200
0 1245
3 1267
1 1297
2 1302
0 1291
0 1337
0 1384
1 1429
2 1437
1 1430
1 1431
2 1438
2 1439
2 1440
1 1432
1 1433
2 1441
2 1442
2 1443
3 1407
3 1408
3 1409
0 1434
0 1484
2 1531
1 1523
2 1532
0 1534
0 1583
0 1633
0 1683
2 1723
1 1711
0 1733
3 1743
0 1784
2 1821
3 1807
0 1834
2 1866
2 1867
2 1868
1 1843
3 1855
1 1844
2 1869
2 1870
1 1845
1 1846
1 1847
2 1871
2 1872
1 1848
1 1849
3 1856
3 1857
3 1858
1 1850
3 1859
1 1851
1 1852
3 1860
0 1884
0 1934
0 1984
3 2003
2 2037
0 2033
1 2075
1 2076
1 2077
0 2083
1 2136
2 2157
0 2133
1 2178
1 2179
1 2180
0 2183
3 2233
3 2234
1 2217
1 2218
0 2233
1 2264
3 2280
3 2281
1 2265
0 2283
2 2346
1 2300
3 2321
0 2332
3 2367
0 2382
3 2418
3 2419
0 2432
2 2491
1 2432
3 2465
1 2433
2 2492
0 2482
2 2535
1 2474
1 2475
2 2536
1 2476
3 2526
3 2527
0 2532
1 2526
0 2582
0 2632
1 2606
2 2670
2 2671
1 2607
0 2683
1 2667
0 2733
2 2763
0 2783
2 2805
1 2755
3 2804
3 2805
0 2833
3 2886
0 2883
3 2938
1 2866
0 2933
2 2992
2 2993
1 2913
3 3003
0 2983
2 3057
2 3058
1 2988
3 3057
0 3033
1 3025
0 3083
2 3155
1 3112
2 3156
2 3157
1 3113
2 3158
3 3158
3 3159
0 3134
2 3196
3 3216
0 3185
0 3235
0 3285
1 3329
0 3335
0 3385
3 3412
3 3413
1 3421
3 3414
1 3422
2 3431
0 3435
2 3471
3 3455
0 3485
3 3499
3 3500
3 3501
1 3527
3 3502
0 3535
1 3551
2 3578
2 3579
3 3541
0 3585
1 3603
3 3592
3 3593
1 3604
2 3618
1 3605
1 3606
1 3607
0 3635
3 3643
0 3685
0 3733
0 3783
1 3816
3 3792
3 3793
1 3817
0 3832
2 3881
3 3849
2 3886
0 3883
0 3933
0 3983
0 4032
3 4048
1 4066
0 4082
1 4114
2 4139
2 4140
2 4142
3 4096
0 4133
2 4197
3 4153
0 4183
3 4207
0 4233
0 4283
0 4333
0 4383
3 4388
2 4429
1 4432
3 4389
3 4390
2 4430
3 4391
3 4392
1 4433
1 4434
1 4435
0 4434
3 4450
0 4484
2 4554
2 4555
1 4548
2 4556
1 4549
3 4492
0 4534
3 4531
1 4589
2 4591
1 4590
2 4592
1 4593
3 4535
3 4536
3 4537
1 4594
3 4538
2 4593
2 4594
1 4597
0 4585
3 4592
3 4593
2 4651
2 4653
2 4654
2 4655
0 4639
0 4689
2 4769
3 4702
0 4739
2 4822
1 4791
0 4790
3 4809
1 4841
0 4840
0 4890
3 4915
2 5000
1 4949
1 4950
0 4940
0 4990
0 5040
3 5050
0 5090
0 5140
3 5151
2 5253
1 5188
3 5152
3 5153
1 5189
0 5190
3 5210
1 5256
0 5240
0 5290
0 5339
2 5481
1 5426
0 5389
2 5516
0 5439
1 5541
2 5573
3 5467
1 5542
2 5574
1 5543
2 5575
1 5544
0 5489
2 5630
3 5506
0 5538
3 5549
3 5550
3 5551
1 5645
0 5588
1 5693
1 5694
3 5582
2 5700
0 5638
3 5639
3 5640
1 5752
1 5753
3 5641
3 5642
2 5745
0 5689
1 5790
2 5789
1 5791
0 5739
2 5838
1 5835
2 5839
0 5789
3 5750
2 5871
0 5839
3 5813
0 5889
3 5873
1 5968
0 5939
0 5989
1 6091
0 6039
1 6138
2 6131
3 6020
0 6089
2 6173
3 6062
3 6063
1 6170
3 6064
2 6174
1 6171
1 6172
2 6175
1 6173
0 6139
1 6211
2 6214
1 6212
2 6215
3 6108
2 6216
2 6217
3 6109
0 6189
2 6256
2 6257
1 6270
3 6163
2 6258
0 6240
2 6315
0 6290
0 6340
1 6400
3 6304
0 6390
2 6437
1 6464
2 6442
2 6444
1 6465
0 6445
0 6495
3 6452
0 6545
1 6611
2 6599
3 6514
3 6515
1 6612
1 6613
3 6516
1 6614
1 6615
0 6595
0 6645
0 6694
1 6766
2 6737
2 6738
1 6767
1 6768
1 6769
2 6740
2 6743
2 6744
3 6665
2 6745
1 6772
2 6746
3 6668
2 6748
0 6749
2 6788
0 6797
0 6845
1 6916
1 6917
3 6802
1 6918
1 6919
1 6920
2 6891
0 6894
0 6944
1 7025
2 7002
0 6999
1 7087
2 7055
1 7089
2 7057
1 7090
0 7050
1 7146
1 7147
1 7148
2 7098
2 7099
1 7149
1 7150
3 7025
3 7026
0 7101
3 7057
3 7058
1 7196
0 7151
2 7192
0 7200
3 7156
3 7159
1 7302
2 7241
1 7303
0 7251
3 7210
3 7211
0 7301
1 7399
0 7351
1 7444
0 7401
2 7435
2 7436
1 7500
2 7437
2 7438
3 7354
1 7501
2 7439
3 7355
0 7451
2 7504
0 7501
0 7552
3 7492
0 7602
2 7642
2 7643
1 7694
0 7652
2 7709
3 7586
2 7710
3 7587
2 7711
3 7588
2 7712
1 7748
2 7713
2 7714
2 7715
1 7749
1 7750
0 7702
1 7800
1 7801
1 7802
3 7628
1 7803
2 7752
1 7804
2 7753
1 7805
1 7806
1 7807
3 7629
0 7753
0 7803
1 7920
3 7772
3 7773
0 7854
1 7992
3 7830
1 7993
1 7994
1 7995
3 7831
2 7947
1 7996
1 7997
3 7832
3 7833
3 7834
2 7948
2 7949
0 7904
2 8007
1 8061
2 8008
2 8009
2 8010
0 7954
3 7923
0 8004
2 8119
3 7971
0 8054
1 8214
0 8104
0 8154
3 8136
1 8325
0 8204
0 8254
2 8356
2 8357
0 8305
2 8407
2 8408
2 8409
1 8466
1 8467
1 8468
2 8410
2 8411
1 8469
1 8470
1 8471
2 8412
3 8276
3 8277
3 8278
0 8355
0 8405
2 8514
1 8561
3 8369
0 8454
3 8416
0 8504
0 8554
0 8604
2 8754
2 8755
0 8654
2 8820
1 8861
0 8704
3 8693
0 8754
1 8980
1 8981
3 8758
1 8982
3 8759
0 8804
3 8799
0 8854
0 8904
3 8871
3 8872
2 9054
0 8954
0 9003
1 9175
3 8967
2 9157
0 9053
2 9216
0 9103
1 9302
2 9267
3 9087
1 9303
0 9153
2 9323
0 9203
3 9198
2 9371
0 9252
2 9416
1 9446
0 9301
1 9499
1 9500
1 9501
1 9503
1 9504
1 9505
1 9506
1 9507
2 9468
2 9469
2 9470
3 9301
0 9350
0 9397
2 9556
0 9446
2 9591
1 9651
2 9592
0 9495
2 9650
1 9703
0 9544
0 9593
1 9788
0 9642
3 9598
3 9600
2 9782
2 9783
3 9601
3 9602
1 9833
1 9834
1 9835
3 9603
0 9691
1 9896
1 9897
2 9850
2 9851
0 9740
0 9787
3 9762
0 9836
2 10034
1 10057
0 9885
2 10071
2 10072
2 10073
3 9866
2 10074
3 9867
3 9868
3 9869
3 9870
0 9934
3 9921
0 9983
1 10166
3 9953
0 10031
1 10197
1 10198
2 10164
2 10165
2 10166
2 10167
2 10168
0 10080
0 10129
3 10078
3 10079
0 10178
1 10333
0 10227
2 10362
0 10276
2 10399
3 10213
3 10214
1 10428
3 10215
3 10216
1 10429
3 10217
1 10430
1 10431
0 10325
3 10248
3 10249
2 10430
0 10373
2 10476
0 10422
2 10524
3 10337
0 10471
1 10609
2 10574
1 10610
2 10575
3 10379
2 10576
1 10611
0 10520
3 10424
3 10425
1 10655
2 10611
2 10612
3 10426
3 10427
2 10613
2 10614
0 10569
2 10670
3 10480
2 10671
1 10728
0 10618
2 10723
2 10724
1 10778
1 10779
2 10725
2 10726
2 10727
2 10728
2 10729
0 10666
2 10777
1 10812
2 10778
3 10560
2 10779
1 10813
2 10780
3 10561
2 10781
2 10782
1 10814
3 10562
1 10815
1 10816
2 10783
2 10786
2 10787
3 10565
1 10817
1 10818
1 10819
0 10714
0 10762
0 10810
1 10951
3 10702
0 10857
0 10905
3 10809
2 11031
0 10953
0 11001
3 10906
3 10907
2 11121
3 10908
3 10909
2 11122
2 11123
1 11150
1 11151
2 11124
3 10910
3 10911
2 11125
3 10912
0 11049
2 11170
1 11208
3 10966
0 11097
0 11146
0 11194
0 11242
2 11355
1 11412
3 11157
2 11356
0 11289
1 11461
0 11336
2 11449
3 11256
0 11383
0 11430
2 11547
1 11608
0 11477
1 11657
2 11594
3 11396
3 11397
3 11398
0 11524
2 11645
0 11571
0 11618
0 11665
0 11712
3 11623
0 11759
2 11864
3 11654
1 11890
2 11865
0 11806
3 11705
2 11911
3 11706
1 11931
2 11912
2 11913
1 11932
0 11853
2 11967
0 11899
3 11803
3 11804
2 12007
2 12008
0 11945
0 11991
1 12111
3 11897
1 12112
1 12113
0 12036
2 12122
1 12165
0 12082
3 11995
3 11996
0 12129
2 12200
0 12175
0 12221
0 12267
0 12313
3 12240
2 12361
0 12359
1 12465
2 12417
0 12405
2 12469
3 12336
1 12522
0 12451
1 12569
2 12508
3 12382
1 12570
0 12497
3 12426
1 12632
0 12543
3 12475
1 12692
2 12603
3 12476
3 12477
3 12478
0 12589
1 12735
1 12736
0 12635
1 12806
3 12594
0 12681
1 12848
3 12639
1 12849
3 12640
1 12850
0 12727
1 12886
3 12674
3 12675
1 12887
1 12888
1 12889
2 12775
2 12776
0 12772
2 12816
1 12931
2 12817
2 12818
0 12817
3 12777
1 12985
1 12986
0 12862
0 12906
3 12856
1 13078
2 12949
3 12857
3 12858
0 12950
3 12900
1 13130
2 12985
0 12995
0 13039
2 13061
3 13001
1 13210
1 13211
0 13083
1 13241
2 13101
1 13243
3 13058
0 13128
0 13172
0 13215
1 13359
0 13256
2 13253
1 13406
3 13208
3 13209
1 13407
3 13210
1 13408
1 13409
0 13299
0 13342
1 13504
3 13293
1 13505
2 13342
1 13509
1 13510
2 13344
2 13346
3 13301
1 13514
2 13354
2 13358
2 13359
2 13361
3 13306
2 13364
3 13307
1 13524
2 13365
0 13399
3 13350
0 13433
3 13385
2 13439
3 13429
1 13630
3 13430
1 13631
1 13632
2 13480
1 13677
3 13480
2 13521
3 13527
0 13575
0 13576
1 13721
3 13529
3 13530
2 13564
1 13747
0 13615
2 13604
0 13667
1 13807
3 13587
1 13809
3 13588
3 13589
1 13810
3 13590
1 13811
2 13646
1 13837
1 13838
2 13687
0 13760
3 13685
3 13686
0 13761
0 13762
0 13763
0 13764
2 13727
3 13717
0 13805
1 13926
1 13927
2 13767
1 13965
3 13753
0 13861
0 13862
2 13806
2 13845
2 13884
1 14095
0 13981
3 13867
2 13922
1 14132
0 14018
2 13959
3 13927
0 14052
0 14053
1 14167
2 13995
0 14081
0 14082
0 14083
1 14204
2 14031
