3 417
2 438
2 439
2 440
3 418
1 446
1 447
3 419
0 414
0 421
3 435
2 447
3 436
1 459
2 458
3 442
2 459
1 467
0 443
3 456
1 481
3 461
1 484
1 491
2 480
1 501
2 493
2 494
3 483
2 495
0 484
2 506
2 507
0 496
0 505
1 538
0 517
2 539
0 529
1 560
3 536
2 549
0 545
0 562
2 573
2 574
2 575
0 579
3 585
0 599
0 619
3 633
1 663
0 641
3 658
0 663
0 684
2 704
2 705
0 707
1 758
2 744
1 762
3 737
3 738
1 763
0 735
3 758
0 754
1 804
0 780
0 803
2 830
1 864
0 845
1 893
1 915
2 913
2 914
2 915
2 916
1 941
1 958
3 964
2 963
3 966
2 964
2 965
0 949
3 980
3 981
2 982
2 983
3 982
0 977
0 998
3 1031
3 1033
2 1027
2 1028
3 1034
3 1035
3 1036
3 1037
0 1024
0 1058
3 1106
1 1102
0 1097
1 1145
1 1146
3 1143
0 1136
0 1177
1 1247
3 1232
0 1220
1 1270
2 1276
3 1252
2 1277
2 1278
1 1271
1 1272
1 1273
2 1279
0 1266
1 1314
2 1324
0 1312
1 1349
0 1358
1 1406
3 1386
0 1408
2 1473
2 1474
0 1458
0 1508
0 1558
3 1582
0 1608
3 1633
1 1650
3 1634
1 1652
1 1653
0 1659
2 1696
0 1708
2 1746
3 1720
1 1723
1 1724
3 1721
1 1725
1 1726
2 1748
2 1749
1 1727
3 1722
1 1728
3 1723
0 1759
2 1791
2 1792
3 1767
3 1768
3 1769
2 1793
1 1763
3 1770
3 1771
3 1772
1 1766
0 1809
3 1830
3 1831
0 1858
0 1908
2 1957
3 1930
2 1959
1 1945
1 1946
2 1960
2 1961
3 1931
0 1958
0 2008
0 2057
1 2108
2 2131
2 2132
2 2133
2 2134
1 2109
3 2093
1 2110
3 2094
0 2107
0 2157
0 2207
1 2241
2 2280
0 2258
1 2278
1 2279
0 2307
0 2356
0 2406
1 2409
3 2436
3 2437
2 2463
1 2410
3 2438
2 2464
2 2465
2 2466
1 2411
3 2439
0 2456
0 2506
0 2556
3 2580
3 2581
2 2593
0 2606
2 2643
1 2578
1 2579
0 2656
3 2679
2 2691
1 2638
1 2639
1 2640
1 2641
0 2705
0 2755
2 2777
3 2776
1 2733
1 2734
3 2777
2 2778
1 2735
3 2778
1 2736
3 2779
2 2779
0 2806
3 2835
1 2787
0 2856
1 2842
0 2906
1 2881
1 2882
2 2945
0 2955
3 3024
3 3025
0 3004
3 3070
3 3071
1 2997
1 2998
2 3074
1 2999
1 3000
2 3075
3 3072
2 3076
2 3077
0 3054
3 3118
3 3119
3 3120
0 3104
3 3182
1 3134
3 3183
1 3135
1 3136
0 3154
3 3228
0 3204
1 3226
2 3253
1 3227
3 3262
0 3254
3 3301
2 3312
0 3304
0 3353
2 3408
1 3397
0 3402
2 3446
3 3422
3 3423
0 3452
1 3489
1 3490
3 3474
0 3502
0 3552
0 3602
0 3652
3 3668
0 3702
3 3722
1 3729
3 3723
0 3751
0 3800
1 3833
2 3837
2 3838
0 3850
0 3895
3 3922
3 3923
2 3969
2 3970
3 3924
2 3971
1 3929
3 3925
3 3926
1 3930
1 3931
3 3927
2 3972
1 3932
0 3946
1 3979
1 3980
2 4027
2 4028
3 3982
3 3983
0 3996
2 4060
1 4035
0 4046
0 4096
1 4127
3 4106
2 4161
2 4163
0 4145
1 4173
2 4210
0 4195
3 4215
2 4271
1 4232
0 4246
2 4316
0 4295
3 4297
0 4345
3 4334
1 4377
1 4379
3 4335
2 4390
2 4391
3 4336
3 4337
3 4338
1 4381
1 4382
2 4392
2 4393
1 4383
3 4339
2 4394
3 4340
1 4384
1 4385
3 4341
2 4395
0 4399
1 4456
3 4414
2 4444
3 4415
3 4416
0 4449
1 4504
1 4505
2 4504
2 4508
3 4464
0 4500
1 4561
3 4498
0 4550
0 4600
2 4662
1 4651
1 4652
2 4663
0 4650
0 4699
3 4716
3 4717
0 4749
2 4845
3 4764
3 4765
2 4846
3 4766
1 4807
1 4808
2 4847
1 4809
0 4800
1 4852
1 4853
0 4850
0 4899
1 4956
2 5009
3 4925
3 4926
1 4957
1 4958
1 4959
2 5013
1 4960
3 4927
0 4949
3 4981
1 5008
1 5009
0 4998
1 5054
2 5126
3 5022
2 5127
0 5049
0 5099
2 5203
3 5108
3 5109
0 5149
2 5261
1 5199
0 5199
3 5226
2 5325
2 5326
2 5327
0 5249
1 5333
0 5299
2 5430
3 5325
1 5384
1 5385
0 5349
3 5370
0 5399
3 5418
2 5529
3 5419
3 5420
0 5449
3 5475
2 5586
0 5499
0 5549
2 5674
1 5654
0 5599
0 5649
2 5751
1 5762
1 5763
0 5699
2 5799
2 5800
2 5801
0 5749
2 5846
2 5847
1 5842
1 5843
0 5799
3 5763
2 5878
3 5764
1 5871
1 5872
2 5879
2 5880
1 5873
0 5849
3 5832
2 5931
2 5932
3 5833
0 5900
0 5950
1 6026
1 6027
1 6028
0 6000
3 5971
1 6098
3 5972
1 6101
2 6087
1 6102
2 6088
3 5973
1 6103
3 5974
1 6104
1 6105
2 6089
1 6106
0 6050
2 6146
3 6033
3 6034
1 6146
2 6147
0 6100
0 6150
1 6222
3 6125
2 6223
1 6223
1 6224
1 6227
2 6226
1 6228
0 6200
0 6250
2 6319
3 6225
0 6300
0 6350
1 6406
1 6407
2 6402
0 6400
2 6450
0 6448
0 6498
0 6548
3 6517
1 6616
2 6604
0 6597
0 6647
2 6692
1 6717
2 6695
3 6612
2 6699
3 6613
3 6614
3 6615
1 6722
0 6699
3 6667
0 6747
1 6816
2 6784
0 6798
2 6850
3 6769
1 6880
2 6852
2 6858
2 6865
1 6894
1 6895
3 6784
3 6785
0 6864
2 6904
3 6821
2 6905
1 6936
3 6822
1 6937
0 6914
3 6870
3 6871
3 6872
2 6956
0 6964
2 7020
0 7013
2 7073
1 7102
3 6988
3 6989
1 7103
3 6990
0 7063
0 7113
1 7204
0 7159
2 7195
1 7262
0 7209
0 7258
3 7213
2 7304
2 7305
0 7306
0 7356
2 7385
1 7449
0 7406
0 7457
1 7557
3 7401
1 7558
0 7506
3 7434
2 7554
2 7555
0 7555
2 7599
3 7494
0 7604
0 7654
0 7704
0 7754
2 7803
3 7699
0 7804
1 7921
2 7880
1 7922
3 7770
2 7881
2 7882
1 7924
0 7855
0 7905
3 7889
2 8011
1 8062
1 8063
0 7955
0 8005
2 8120
2 8121
0 8055
1 8215
3 8019
0 8105
1 8272
1 8273
1 8274
2 8225
1 8275
3 8080
2 8226
3 8081
3 8082
3 8083
2 8227
3 8084
0 8155
2 8267
3 8137
1 8326
0 8205
1 8373
1 8374
1 8375
3 8178
2 8310
3 8179
3 8180
0 8255
1 8414
2 8355
1 8415
1 8416
3 8227
3 8228
0 8304
2 8404
1 8461
1 8462
2 8405
1 8463
3 8273
1 8464
1 8465
3 8274
3 8275
2 8406
0 8354
0 8404
1 8563
1 8565
0 8455
1 8620
2 8573
1 8621
1 8622
3 8417
3 8418
0 8505
3 8474
1 8691
0 8555
2 8697
0 8605
2 8756
1 8801
0 8655
0 8705
1 8914
3 8694
2 8866
0 8755
2 8928
0 8805
1 9025
3 8800
2 8973
2 8974
3 8801
3 8802
0 8855
3 8841
1 9071
0 8905
2 9055
3 8873
3 8874
1 9107
3 8875
2 9056
1 9108
0 8955
2 9109
1 9143
2 9111
3 8924
1 9144
3 8925
1 9145
1 9146
1 9147
1 9148
3 8926
2 9112
1 9149
3 8927
3 8928
1 9150
3 8929
2 9113
2 9114
0 9007
2 9159
0 9057
0 9107
1 9307
3 9093
2 9275
1 9308
3 9094
2 9276
1 9309
1 9310
3 9095
0 9157
3 9134
1 9356
3 9135
0 9206
2 9373
2 9374
2 9375
3 9200
1 9407
1 9408
2 9376
3 9201
3 9202
2 9377
2 9378
3 9203
1 9409
3 9204
3 9205
0 9255
2 9421
1 9453
3 9254
2 9422
1 9454
1 9455
1 9456
2 9423
0 9305
0 9353
0 9402
3 9392
0 9452
1 9659
2 9596
1 9660
2 9597
0 9501
1 9710
2 9656
1 9711
0 9550
3 9537
2 9699
1 9756
2 9700
3 9540
1 9757
0 9600
2 9739
0 9648
0 9697
3 9669
0 9746
1 9946
2 9908
2 9909
3 9722
2 9910
2 9911
1 9947
2 9912
2 9913
2 9914
3 9723
0 9795
2 9976
2 9977
2 9978
2 9979
3 9768
3 9769
3 9770
0 9844
0 9893
0 9942
0 9991
0 10040
0 10088
2 10233
3 10043
2 10234
3 10044
0 10137
3 10089
1 10287
3 10090
1 10288
3 10091
1 10289
2 10269
2 10270
3 10092
0 10186
2 10310
1 10342
3 10134
3 10135
2 10311
1 10343
2 10312
0 10235
0 10284
1 10436
0 10334
0 10382
0 10431
3 10340
0 10479
3 10391
0 10528
1 10667
2 10624
1 10668
1 10669
2 10625
1 10670
1 10671
3 10435
3 10436
1 10672
1 10673
1 10674
2 10626
3 10437
1 10675
0 10577
1 10738
2 10683
1 10739
2 10684
0 10626
2 10744
2 10745
3 10523
1 10784
0 10674
1 10820
0 10722
0 10770
2 10892
3 10660
0 10818
3 10707
1 10956
1 10957
0 10866
0 10914
1 11069
3 10819
3 10820
1 11070
0 10962
1 11122
3 10876
2 11103
3 10877
1 11123
0 11010
2 11134
2 11135
0 11058
2 11179
1 11212
3 10976
1 11213
1 11214
2 11180
3 10977
3 10978
1 11215
0 11106
1 11268
0 11154
0 11202
3 11107
0 11250
3 11167
2 11367
1 11426
0 11297
0 11344
0 11391
3 11308
0 11438
2 11553
1 11621
2 11554
3 11353
1 11622
1 11623
3 11354
1 11624
2 11555
2 11556
3 11355
1 11625
0 11486
2 11605
1 11669
1 11670
2 11606
0 11533
2 11647
2 11648
3 11452
3 11453
2 11649
3 11454
2 11650
2 11651
0 11580
1 11752
2 11699
1 11753
0 11627
1 11792
3 11547
1 11793
2 11747
2 11748
0 11674
3 11598
0 11721
1 11862
0 11769
3 11661
1 11891
3 11662
3 11663
1 11892
1 11893
2 11874
2 11875
3 11664
1 11894
0 11816
3 11711
2 11918
3 11712
1 11939
0 11863
0 11908
3 11809
0 11954
3 11854
3 11855
1 12064
3 11858
3 11859
1 12067
2 12055
0 12001
2 12093
0 12047
2 12133
3 11964
2 12134
0 12093
1 12209
1 12210
3 12004
3 12005
3 12006
1 12211
2 12169
0 12139
3 12052
0 12185
0 12230
1 12326
3 12145
0 12277
3 12208
0 12323
1 12417
2 12365
2 12366
2 12367
1 12418
1 12419
1 12420
0 12369
3 12302
2 12434
3 12303
2 12435
1 12480
3 12304
3 12305
1 12481
2 12436
0 12415
3 12346
3 12347
2 12477
0 12461
3 12394
2 12518
2 12519
0 12507
3 12439
3 12440
1 12648
2 12566
0 12553
3 12491
1 12701
3 12493
0 12600
1 12756
1 12757
1 12758
2 12657
2 12658
3 12541
3 12542
0 12646
1 12818
0 12692
1 12856
1 12857
2 12747
0 12737
3 12690
3 12691
2 12792
3 12692
2 12793
1 12908
1 12909
0 12782
3 12743
3 12744
1 12943
2 12829
1 12944
3 12745
3 12746
1 12945
2 12830
0 12827
1 12995
0 12872
1 13048
2 12919
3 12835
3 12836
3 12837
0 12917
2 12955
0 12961
1 13139
2 12994
3 12911
3 12912
2 12996
3 12913
0 13005
2 13038
2 13039
0 13049
2 13066
0 13092
2 13107
0 13134
3 13098
2 13152
3 13099
3 13100
2 13153
0 13180
3 13125
2 13175
2 13176
2 13178
3 13130
0 13223
0 13264
3 13225
3 13227
3 13228
1 13417
0 13307
2 13302
3 13264
0 13350
2 13352
2 13356
0 13395
1 13563
2 13405
1 13571
3 13355
3 13356
2 13415
0 13453
2 13457
0 13504
0 13505
1 13646
1 13647
3 13444
2 13498
2 13540
2 13582
3 13567
1 13767
1 13768
2 13623
3 13607
3 13608
2 13664
2 13703
2 13743
