3 480
1 505
1 508
2 501
0 490
2 511
2 512
3 491
0 499
1 534
3 508
0 514
2 534
2 535
0 525
0 539
3 544
0 556
1 585
3 556
3 557
2 572
0 573
2 585
1 605
3 575
1 608
2 587
0 591
2 609
2 610
3 604
2 611
0 611
2 628
3 622
2 629
1 655
1 656
3 623
2 630
2 631
1 657
2 632
0 632
3 648
2 656
2 657
1 679
0 654
1 707
0 676
0 697
2 723
3 722
1 747
2 727
3 729
2 728
2 729
2 730
2 733
2 734
1 754
0 727
3 753
1 774
2 769
3 759
3 760
1 779
1 780
3 761
0 757
2 790
2 795
3 803
3 804
0 788
1 848
0 818
2 840
0 841
2 853
3 867
2 855
3 868
2 856
0 860
3 884
0 872
0 885
3 917
0 893
2 917
2 918
1 944
1 963
2 971
3 970
0 958
3 987
0 980
2 1011
0 1005
3 1041
2 1041
2 1044
2 1047
3 1046
1 1047
2 1056
3 1057
2 1064
3 1061
0 1055
2 1108
3 1100
2 1109
1 1099
0 1094
2 1143
3 1136
3 1137
1 1141
3 1138
1 1142
0 1133
0 1174
0 1218
1 1264
3 1249
3 1250
1 1265
1 1266
1 1267
1 1268
3 1251
1 1269
2 1271
0 1264
2 1322
1 1312
1 1313
3 1284
0 1310
2 1358
2 1359
3 1324
0 1356
2 1413
0 1403
2 1471
0 1453
3 1485
0 1503
1 1543
3 1521
0 1553
1 1595
1 1596
2 1598
1 1597
0 1603
1 1642
2 1648
0 1653
0 1703
0 1753
3 1761
2 1788
0 1803
3 1825
1 1803
1 1804
2 1838
3 1826
0 1853
1 1871
0 1903
0 1953
2 2007
2 2008
1 1986
1 1987
0 2003
3 2025
1 2042
3 2026
1 2043
1 2044
2 2057
2 2058
1 2045
3 2027
0 2053
3 2087
2 2127
2 2128
0 2103
0 2153
1 2197
2 2227
2 2228
2 2229
3 2206
0 2203
0 2253
0 2303
2 2370
0 2353
3 2388
3 2389
0 2403
2 2461
0 2453
2 2506
0 2504
0 2554
0 2603
0 2653
0 2703
3 2725
2 2736
0 2753
3 2772
3 2773
2 2774
3 2774
3 2775
2 2775
0 2803
3 2831
3 2832
1 2784
2 2833
1 2785
0 2854
2 2891
3 2907
2 2892
2 2894
2 2895
1 2841
2 2896
2 2897
3 2910
2 2898
0 2905
2 2943
2 2944
0 2954
2 3017
1 2945
2 3018
2 3019
1 2946
1 2947
1 2948
3 3026
3 3027
3 3028
0 3005
1 3001
1 3002
2 3078
3 3073
2 3079
0 3055
1 3042
3 3121
1 3043
0 3105
3 3184
0 3155
0 3205
3 3263
1 3230
0 3256
3 3302
3 3303
3 3304
1 3284
0 3306
3 3347
3 3348
3 3349
2 3366
1 3344
3 3351
0 3358
1 3400
2 3412
2 3413
1 3401
3 3390
3 3391
3 3392
0 3408
1 3440
3 3425
1 3441
0 3458
0 3508
2 3554
3 3518
2 3555
3 3519
0 3558
0 3608
1 3621
3 3609
1 3622
3 3612
0 3658
3 3670
1 3685
3 3671
0 3708
1 3744
3 3727
1 3745
2 3744
1 3746
3 3729
3 3730
0 3757
2 3799
1 3792
0 3807
3 3817
3 3818
2 3851
1 3842
0 3857
1 3885
1 3886
0 3902
0 3952
2 4036
3 3987
0 4002
2 4066
1 4039
3 4028
2 4067
1 4040
2 4068
2 4069
3 4029
0 4053
0 4103
0 4153
3 4171
1 4182
0 4203
0 4252
2 4323
1 4292
1 4293
2 4324
2 4325
1 4294
1 4295
1 4296
0 4303
3 4300
3 4301
1 4339
0 4352
1 4387
1 4388
2 4399
0 4402
0 4452
2 4510
0 4501
0 4551
2 4617
2 4618
0 4601
2 4664
0 4651
3 4655
3 4656
1 4703
2 4715
1 4704
3 4657
0 4700
0 4750
0 4799
2 4897
1 4850
2 4898
1 4851
0 4849
3 4868
2 4962
3 4869
1 4908
1 4909
2 4963
1 4910
3 4870
0 4900
2 5010
2 5011
2 5012
1 4961
3 4928
0 4950
1 5010
1 5011
2 5063
1 5012
1 5013
3 4983
0 5000
0 5050
2 5157
0 5100
2 5204
1 5144
2 5205
1 5145
2 5206
1 5146
3 5110
0 5150
0 5200
1 5264
1 5265
0 5250
3 5281
0 5300
1 5386
1 5387
0 5350
0 5400
1 5488
1 5489
2 5530
2 5531
3 5421
2 5532
1 5490
3 5422
2 5533
0 5450
1 5562
1 5563
0 5500
2 5644
2 5645
2 5646
2 5647
1 5616
0 5550
3 5556
2 5675
2 5676
1 5655
0 5600
2 5707
1 5701
0 5650
0 5700
0 5750
2 5848
3 5728
1 5844
2 5849
0 5800
1 5874
2 5881
0 5850
1 5925
1 5926
1 5927
0 5899
2 5986
3 5888
0 5949
1 6025
3 5914
0 5999
3 5967
1 6094
3 5968
2 6085
1 6095
1 6096
2 6086
1 6099
1 6100
0 6049
0 6099
1 6186
0 6149
3 6123
0 6198
1 6280
0 6248
0 6298
1 6369
2 6367
3 6271
3 6272
1 6370
2 6368
2 6369
2 6370
3 6273
3 6274
1 6371
0 6348
3 6310
0 6398
2 6447
0 6447
2 6505
2 6506
2 6507
0 6497
2 6558
1 6565
0 6547
2 6602
1 6617
1 6618
0 6598
0 6648
2 6694
1 6720
2 6697
0 6698
2 6747
2 6749
1 6779
3 6670
2 6756
1 6785
3 6678
2 6757
1 6786
1 6787
1 6788
3 6679
0 6753
3 6719
1 6830
2 6797
1 6831
0 6804
3 6770
0 6849
2 6896
0 6899
0 6948
1 7031
0 6993
1 7082
0 7042
2 7094
0 7092
0 7141
3 7108
2 7180
1 7249
0 7191
1 7294
2 7230
1 7295
1 7296
0 7241
0 7290
2 7338
0 7340
3 7282
1 7430
1 7431
0 7390
0 7440
0 7490
1 7584
2 7541
2 7542
3 7421
1 7585
2 7543
2 7544
0 7540
1 7632
1 7633
0 7590
1 7681
3 7528
0 7640
3 7578
1 7735
0 7690
3 7613
1 7785
3 7614
1 7786
3 7615
0 7740
1 7845
3 7683
1 7846
3 7684
2 7797
3 7685
3 7686
1 7848
1 7850
3 7687
2 7798
1 7851
2 7799
3 7688
0 7791
1 7907
0 7841
3 7808
1 7972
1 7973
1 7974
3 7809
0 7891
1 8042
1 8043
1 8044
2 7991
3 7877
1 8045
2 7992
1 8046
0 7941
1 8099
0 7990
0 8040
1 8196
2 8144
0 8090
1 8256
2 8211
2 8212
1 8257
2 8213
2 8214
1 8258
1 8259
0 8141
3 8121
0 8191
0 8241
0 8291
1 8451
2 8390
2 8391
0 8341
2 8440
3 8308
1 8502
2 8441
2 8442
2 8443
1 8503
1 8504
0 8390
3 8351
1 8547
1 8548
1 8549
1 8550
0 8439
1 8606
3 8404
2 8559
0 8488
0 8538
3 8519
1 8725
2 8684
1 8726
2 8685
1 8727
2 8686
0 8588
2 8730
0 8638
2 8800
0 8688
1 8888
3 8673
0 8738
3 8735
2 8906
1 8956
1 8957
3 8736
3 8737
0 8788
2 8968
0 8838
3 8826
3 8827
1 9053
3 8828
2 9004
2 9005
0 8889
0 8939
3 8914
0 8989
2 9139
0 9039
2 9203
3 9013
3 9014
3 9015
3 9016
3 9017
3 9018
1 9229
3 9019
0 9089
2 9252
0 9138
3 9120
2 9305
3 9121
1 9336
2 9306
3 9122
3 9123
0 9189
0 9238
0 9287
1 9477
3 9278
1 9478
1 9479
1 9480
0 9337
2 9507
3 9343
2 9508
3 9344
0 9386
1 9595
1 9596
2 9540
0 9435
3 9418
0 9484
2 9636
0 9532
3 9513
3 9514
3 9515
1 9738
1 9739
2 9680
1 9740
0 9581
1 9780
0 9631
3 9588
2 9768
0 9680
0 9729
2 9889
0 9778
0 9827
3 9817
2 10019
1 10043
3 9818
2 10020
0 9876
0 9925
3 9907
1 10128
0 9973
1 10162
0 10022
1 10192
0 10071
3 10025
3 10026
3 10027
2 10217
0 10120
2 10255
3 10065
2 10256
3 10066
1 10269
0 10169
3 10119
3 10120
3 10121
1 10325
3 10122
0 10218
3 10165
1 10374
3 10166
2 10351
2 10352
0 10267
2 10389
2 10390
2 10391
3 10204
3 10205
3 10206
2 10392
3 10207
1 10417
2 10393
1 10418
1 10419
2 10394
1 10420
1 10421
1 10422
0 10316
0 10365
3 10286
1 10502
0 10414
2 10519
1 10549
0 10463
2 10563
1 10599
1 10600
1 10601
3 10373
3 10374
2 10564
2 10565
2 10566
1 10602
2 10567
3 10375
1 10603
0 10512
1 10650
1 10651
3 10422
2 10607
0 10562
3 10472
3 10473
3 10474
2 10662
0 10611
0 10660
2 10771
1 10801
1 10803
0 10708
3 10600
2 10840
2 10841
0 10756
3 10642
2 10881
1 10897
2 10882
3 10643
1 10898
0 10804
2 10920
2 10921
2 10922
1 10943
3 10697
2 10923
1 10944
3 10698
1 10945
2 10924
1 10946
3 10699
0 10852
1 11008
1 11009
1 11010
1 11011
3 10749
1 11012
1 11013
1 11014
3 10750
2 10969
3 10752
0 10901
1 11056
3 10806
3 10807
3 10808
2 11030
1 11057
1 11058
1 11059
0 10949
2 11083
1 11098
0 10997
0 11044
2 11163
2 11164
0 11092
0 11140
3 11039
3 11040
3 11041
2 11251
2 11252
3 11043
3 11044
0 11190
3 11091
2 11299
1 11339
0 11238
1 11400
1 11401
2 11352
0 11285
0 11331
1 11509
3 11253
0 11378
0 11425
1 11602
3 11341
1 11603
3 11342
2 11535
2 11536
2 11537
0 11471
2 11589
3 11390
0 11518
3 11441
1 11698
2 11632
3 11442
1 11699
2 11633
2 11634
0 11564
0 11611
2 11730
1 11778
0 11658
0 11705
2 11820
2 11821
0 11752
0 11799
0 11846
2 11956
1 11967
0 11892
1 12011
1 12012
2 12002
1 12013
2 12003
3 11796
0 11939
0 11985
1 12098
2 12076
0 12031
0 12077
2 12156
2 12157
1 12197
2 12158
3 11988
3 11989
1 12198
3 11990
2 12159
0 12123
2 12190
1 12228
2 12191
1 12229
0 12169
0 12215
1 12312
0 12261
1 12365
0 12306
0 12352
2 12405
2 12406
3 12288
0 12399
0 12445
3 12371
0 12491
1 12625
1 12626
2 12548
3 12421
2 12549
2 12550
1 12627
1 12628
2 12554
1 12629
0 12539
1 12677
2 12590
1 12678
1 12679
1 12680
3 12462
2 12591
1 12681
3 12463
2 12592
1 12682
1 12683
3 12464
3 12466
2 12594
3 12467
2 12596
3 12469
1 12686
1 12687
1 12688
2 12601
1 12690
2 12602
0 12586
1 12726
0 12631
1 12801
2 12685
2 12686
1 12802
0 12677
2 12736
2 12737
3 12637
0 12723
0 12768
0 12813
1 12983
2 12864
2 12865
0 12858
0 12903
0 12948
3 12896
1 13126
1 13127
2 12982
1 13128
0 12992
2 13028
0 13036
3 12993
3 12994
1 13206
2 13057
2 13058
3 12996
2 13059
3 12997
2 13060
3 12998
1 13207
3 12999
1 13208
1 13209
3 13000
0 13082
3 13048
2 13100
3 13054
0 13126
0 13166
2 13163
2 13164
2 13165
3 13119
2 13166
0 13209
2 13197
1 13355
0 13251
2 13242
2 13243
3 13202
0 13294
1 13443
0 13337
1 13497
0 13378
1 13542
2 13388
3 13336
1 13555
3 13342
2 13392
2 13396
1 13559
1 13560
2 13400
0 13434
3 13382
3 13383
3 13384
2 13438
2 13481
3 13481
3 13482
2 13522
3 13528
2 13563
0 13616
1 13748
1 13749
3 13553
1 13750
3 13554
2 13605
1 13808
0 13668
2 13645
0 13718
1 13836
2 13686
2 13726
1 13925
2 13766
0 13860
2 13805
1 14006
0 13898
3 13781
0 13899
3 13782
1 14007
2 13844
3 13820
3 13821
3 13822
3 13823
2 13883
3 13865
3 13866
0 13980
2 13921
0 14016
3 13905
1 14130
1 14131
0 14017
2 13958
0 14051
1 14166
2 13996
1 14205
3 13950
3 13951
3 13952
3 13953
2 14033
1 14243
0 14121
2 14069
1 14285
0 14171
1 14286
1 14287
3 14059
0 14172
0 14173
1 14288
2 14105
2 14141
3 14137
0 14247
1 14352
