0 601
0 622
3 636
1 665
2 648
1 666
3 637
2 649
3 638
2 650
1 667
0 644
3 665
0 667
0 687
0 710
2 747
3 739
2 748
2 749
2 750
2 751
1 764
2 758
0 737
1 783
0 759
1 810
2 791
3 797
0 787
3 834
0 811
2 837
0 834
0 851
1 902
3 899
0 883
1 933
2 928
3 937
3 938
2 929
1 955
0 943
0 970
2 998
0 992
1 1030
3 1038
3 1039
0 1027
3 1065
2 1071
3 1069
1 1066
1 1067
2 1076
0 1068
0 1106
3 1154
1 1165
1 1166
0 1147
1 1208
1 1209
1 1210
0 1188
2 1252
2 1253
1 1253
2 1254
2 1255
3 1242
2 1256
0 1233
1 1286
2 1291
1 1287
3 1262
3 1263
3 1264
0 1279
1 1324
1 1325
2 1331
3 1291
0 1325
0 1371
0 1420
3 1438
2 1481
2 1482
1 1464
2 1483
0 1470
2 1527
3 1500
0 1520
3 1541
1 1563
2 1561
2 1562
1 1564
3 1542
3 1543
1 1565
0 1569
3 1590
2 1612
2 1613
3 1591
1 1605
0 1620
2 1666
2 1667
2 1668
1 1666
1 1667
2 1669
1 1668
1 1669
3 1643
2 1670
0 1670
2 1707
3 1681
2 1708
1 1701
2 1709
0 1720
1 1736
1 1740
2 1759
2 1760
1 1741
0 1771
2 1811
0 1821
1 1825
3 1841
1 1826
0 1871
1 1884
2 1903
1 1888
3 1882
2 1904
0 1921
0 1971
1 1995
1 1996
2 2024
2 2025
1 1997
0 2021
2 2078
3 2051
3 2052
0 2073
2 2151
1 2132
3 2121
3 2122
0 2123
3 2167
3 2168
2 2198
3 2169
2 2199
1 2173
3 2170
3 2171
1 2174
3 2172
0 2173
3 2225
0 2223
0 2273
0 2323
1 2337
1 2338
0 2373
3 2414
0 2423
2 2480
3 2453
2 2481
2 2482
3 2454
2 2483
1 2425
0 2473
1 2462
3 2511
1 2463
3 2512
1 2464
1 2465
2 2523
0 2523
3 2564
1 2515
1 2516
1 2517
3 2565
0 2573
0 2623
3 2647
1 2593
0 2673
3 2703
0 2722
1 2702
1 2703
0 2772
3 2796
2 2797
2 2798
2 2799
2 2800
0 2822
1 2803
2 2853
3 2860
1 2804
2 2854
2 2855
3 2861
1 2805
3 2862
3 2863
1 2806
2 2856
0 2872
1 2861
0 2921
3 2980
2 2969
2 2970
3 2981
1 2901
1 2902
0 2971
2 3043
1 2971
1 2972
2 3044
2 3045
1 2973
1 2974
1 2975
1 2977
1 2978
0 3021
2 3087
1 3012
2 3088
2 3089
0 3071
3 3142
1 3098
1 3099
0 3121
0 3171
3 3237
1 3190
1 3191
0 3221
1 3251
2 3270
1 3252
3 3279
0 3271
2 3335
3 3325
1 3309
3 3326
3 3327
3 3328
2 3336
0 3321
2 3372
3 3355
3 3356
1 3351
2 3373
1 3352
0 3371
3 3396
0 3421
1 3452
3 3436
2 3458
0 3471
2 3501
1 3508
1 3509
2 3502
1 3510
1 3511
2 3505
2 3506
1 3512
2 3507
1 3513
2 3508
3 3489
3 3490
0 3522
3 3525
2 3568
2 3570
2 3571
0 3573
0 3623
0 3672
2 3700
3 3687
3 3688
1 3702
1 3703
0 3722
2 3757
3 3741
1 3763
3 3742
0 3772
2 3812
0 3821
2 3862
3 3834
3 3835
0 3870
1 3894
2 3932
2 3943
0 3922
3 3956
2 4000
2 4001
1 3957
2 4002
3 3957
3 3958
0 3971
3 4000
3 4001
0 4021
3 4042
3 4043
0 4071
3 4078
3 4079
2 4123
3 4080
3 4081
0 4120
3 4133
2 4184
1 4146
1 4147
0 4170
1 4208
3 4192
0 4220
1 4267
1 4268
0 4270
3 4284
3 4285
2 4336
0 4320
0 4368
3 4359
3 4361
1 4410
1 4411
2 4412
2 4415
0 4417
0 4466
3 4476
1 4526
3 4477
2 4534
2 4538
3 4484
0 4519
1 4579
3 4523
0 4569
2 4638
0 4619
2 4675
0 4668
3 4679
3 4680
2 4749
1 4727
3 4681
3 4682
0 4718
0 4768
0 4818
3 4827
3 4828
1 4875
3 4829
2 4926
2 4927
3 4830
3 4831
1 4876
3 4832
1 4877
1 4878
2 4928
3 4833
0 4869
0 4919
2 5036
3 4952
3 4953
3 4954
0 4969
2 5094
0 5019
1 5074
3 5035
1 5075
2 5141
1 5076
2 5142
0 5069
0 5119
2 5238
0 5169
1 5219
1 5220
2 5280
3 5174
0 5219
2 5347
0 5269
2 5399
2 5400
1 5355
0 5319
2 5454
3 5338
0 5369
1 5454
1 5455
0 5418
1 5510
1 5511
2 5559
1 5512
1 5513
0 5468
1 5582
1 5583
1 5584
2 5604
0 5518
0 5568
1 5672
3 5569
1 5673
2 5689
0 5618
2 5718
3 5609
2 5719
1 5717
1 5718
3 5610
0 5668
0 5718
1 5817
2 5817
1 5818
0 5768
2 5859
0 5818
1 5893
1 5894
3 5784
1 5895
0 5868
2 5950
0 5918
2 6010
2 6011
1 6001
0 5968
0 6017
0 6067
0 6117
1 6198
0 6167
1 6240
0 6216
3 6186
2 6282
1 6295
2 6284
2 6286
0 6267
1 6350
2 6349
0 6317
3 6289
0 6367
3 6325
3 6327
1 6420
3 6328
0 6416
3 6381
2 6480
1 6491
1 6492
1 6493
0 6469
1 6536
2 6532
1 6537
3 6428
0 6520
1 6587
2 6577
3 6487
2 6578
0 6570
0 6619
1 6687
1 6688
2 6659
1 6693
1 6694
3 6579
3 6580
0 6667
1 6739
2 6716
3 6633
0 6717
3 6689
1 6795
0 6767
2 6807
0 6818
1 6891
0 6861
3 6819
1 6932
1 6933
0 6911
2 6954
0 6961
0 7008
0 7054
1 7157
1 7158
2 7102
1 7159
1 7160
0 7105
2 7133
1 7200
3 7064
2 7136
3 7067
3 7068
3 7076
3 7077
1 7208
2 7144
2 7148
1 7214
3 7083
0 7165
0 7213
0 7263
0 7313
0 7360
3 7307
3 7308
3 7309
0 7411
2 7456
0 7461
3 7402
1 7562
2 7511
1 7563
0 7511
1 7598
0 7561
2 7608
0 7611
3 7545
1 7705
3 7546
3 7547
3 7548
2 7651
1 7706
2 7652
1 7707
3 7549
1 7708
2 7654
0 7662
0 7712
1 7811
1 7812
0 7762
0 7812
0 7862
2 7952
1 8004
2 7953
3 7844
3 7845
3 7846
1 8005
1 8006
0 7912
2 8018
3 7895
3 7896
3 7897
3 7898
2 8019
0 7963
2 8059
2 8060
3 7928
0 8013
1 8172
0 8063
1 8222
2 8166
1 8223
1 8224
3 8028
0 8114
2 8234
2 8235
2 8236
3 8095
2 8237
3 8096
2 8238
0 8164
3 8147
3 8148
2 8278
0 8215
3 8193
3 8194
2 8317
1 8390
2 8318
3 8195
2 8319
1 8391
1 8392
1 8393
2 8320
0 8265
2 8364
2 8365
3 8237
0 8315
1 8481
1 8482
0 8363
1 8523
2 8463
0 8413
1 8571
3 8376
0 8463
3 8423
1 8631
3 8424
2 8586
1 8632
1 8633
2 8587
1 8634
1 8635
3 8425
1 8636
3 8426
1 8637
1 8638
2 8588
3 8427
2 8589
3 8428
0 8513
1 8696
1 8697
1 8699
2 8654
1 8700
2 8655
0 8563
3 8548
0 8613
3 8615
1 8818
2 8772
3 8616
0 8663
0 8713
1 8927
1 8928
1 8929
3 8715
2 8883
0 8763
2 8945
0 8812
2 8978
0 8862
2 9017
3 8844
3 8845
0 8913
3 8883
1 9116
1 9117
2 9064
3 8884
3 8885
2 9065
1 9118
0 8963
3 8933
2 9119
2 9120
2 9121
2 9122
3 8934
0 9013
2 9169
2 9170
1 9186
1 9187
3 8979
3 8980
2 9172
3 8981
1 9188
1 9189
1 9190
3 8982
1 9191
0 9063
1 9257
1 9258
0 9113
1 9316
2 9287
1 9317
1 9318
1 9319
3 9106
2 9288
2 9289
1 9320
3 9107
2 9290
3 9108
1 9321
1 9322
2 9293
1 9323
1 9324
0 9164
0 9213
2 9383
1 9413
1 9414
3 9208
2 9384
0 9262
1 9460
2 9426
0 9311
1 9530
2 9487
1 9531
3 9316
3 9317
0 9360
1 9576
3 9367
0 9409
1 9617
0 9458
0 9507
1 9714
2 9661
1 9715
0 9556
0 9605
2 9741
2 9742
2 9743
3 9568
2 9747
3 9569
3 9570
1 9800
3 9571
2 9748
2 9749
3 9572
3 9573
2 9750
1 9801
1 9802
3 9574
1 9803
2 9751
2 9752
2 9753
0 9655
0 9704
2 9856
0 9753
1 9956
2 9924
0 9802
2 9986
3 9772
2 9987
1 10004
1 10005
3 9773
0 9851
0 9900
2 10088
2 10089
2 10090
3 9880
0 9949
3 9934
0 9998
2 10150
2 10151
3 9963
1 10178
0 10047
0 10096
0 10145
0 10194
3 10143
1 10351
0 10243
1 10395
1 10396
0 10292
3 10229
0 10341
1 10471
3 10260
0 10390
1 10518
3 10315
2 10495
1 10521
3 10316
1 10522
1 10523
1 10524
3 10317
3 10318
0 10439
3 10344
0 10488
3 10402
0 10538
1 10690
3 10448
2 10639
2 10640
3 10449
1 10691
2 10641
1 10692
2 10642
2 10643
0 10587
1 10746
2 10693
3 10494
1 10747
3 10495
0 10635
1 10786
2 10751
1 10787
1 10788
3 10526
2 10752
2 10753
0 10683
1 10827
2 10797
3 10568
1 10828
2 10798
0 10731
1 10875
0 10779
1 10913
3 10665
3 10666
1 10914
2 10896
2 10897
1 10915
3 10667
3 10668
3 10669
3 10670
1 10916
2 10898
0 10827
3 10714
3 10715
1 10967
2 10935
2 10936
2 10937
1 10968
3 10716
2 10938
2 10939
1 10969
2 10940
1 10970
2 10941
3 10717
1 10971
2 10942
0 10876
1 11031
3 10768
1 11032
2 10986
2 10987
0 10925
1 11076
1 11077
0 10973
2 11112
2 11113
0 11020
2 11150
2 11151
1 11183
1 11184
2 11152
0 11069
1 11224
0 11117
0 11164
3 11073
0 11212
1 11367
3 11116
1 11368
2 11326
1 11369
2 11327
3 11118
2 11330
0 11260
0 11307
3 11228
2 11426
3 11229
1 11485
3 11230
2 11427
1 11486
0 11354
2 11454
2 11455
0 11401
1 11573
2 11501
1 11574
1 11575
0 11448
2 11562
1 11633
0 11495
1 11674
3 11415
0 11542
3 11459
3 11460
2 11652
2 11653
2 11654
3 11461
2 11655
2 11656
2 11657
2 11658
1 11723
3 11462
3 11463
0 11589
1 11765
0 11636
3 11552
0 11683
1 11841
3 11603
0 11730
1 11871
0 11778
2 11885
1 11901
3 11672
2 11886
0 11825
1 11942
2 11927
3 11717
0 11872
2 11982
1 11992
1 11993
1 11994
2 11983
3 11772
2 11984
2 11985
1 11995
3 11773
3 11774
1 11996
2 11986
1 11997
3 11776
2 11988
3 11777
0 11919
1 12032
1 12033
0 11964
1 12076
2 12066
1 12077
3 11869
2 12067
3 11870
1 12080
0 12010
1 12131
2 12095
2 12096
0 12056
0 12102
3 12013
3 12014
0 12148
1 12247
2 12210
1 12249
0 12196
2 12240
0 12241
3 12170
1 12342
2 12292
0 12287
0 12333
1 12429
0 12379
1 12490
0 12425
1 12540
2 12480
2 12481
2 12482
1 12541
3 12356
1 12542
1 12543
0 12471
1 12600
1 12602
2 12528
2 12529
1 12603
2 12530
1 12604
1 12605
1 12606
3 12406
0 12517
0 12563
0 12609
0 12656
0 12702
0 12747
3 12705
2 12798
3 12706
0 12791
0 12836
1 13003
1 13004
3 12795
3 12796
0 12882
3 12839
1 13051
0 12927
0 12971
2 13008
2 13009
3 12922
3 12923
1 13146
1 13147
0 13015
0 13059
1 13220
0 13102
3 13064
1 13261
2 13118
2 13123
1 13271
3 13071
2 13129
1 13276
2 13135
2 13140
3 13088
2 13143
3 13089
1 13289
2 13145
0 13169
0 13212
2 13205
3 13165
0 13255
2 13249
0 13297
1 13445
1 13446
2 13298
1 13447
2 13299
3 13259
1 13448
3 13260
0 13340
2 13340
0 13382
3 13337
3 13338
0 13420
1 13579
2 13427
3 13396
3 13397
1 13599
3 13398
3 13399
1 13600
2 13450
1 13640
0 13498
2 13493
1 13691
2 13535
0 13596
2 13576
0 13632
2 13617
2 13658
1 13850
