2 543
1 556
2 547
3 532
1 557
1 558
0 541
1 569
2 556
3 546
0 558
0 576
2 590
0 595
2 614
0 614
3 626
2 635
3 627
2 636
1 659
0 635
3 652
1 683
2 659
2 660
3 653
1 684
0 657
1 710
2 684
0 688
0 711
3 740
3 741
2 752
0 734
1 778
0 755
3 793
0 781
2 814
2 815
0 804
2 831
1 863
2 842
3 855
2 843
0 844
0 861
2 875
2 876
3 885
3 886
2 877
3 887
0 873
1 923
2 919
0 903
1 954
1 969
3 973
0 965
1 995
2 1004
0 997
0 1023
0 1056
2 1110
3 1101
2 1111
1 1100
0 1095
3 1139
0 1134
1 1194
0 1175
1 1244
0 1219
2 1272
2 1273
2 1274
2 1275
0 1265
3 1285
3 1286
2 1323
0 1311
0 1357
0 1405
1 1453
3 1429
3 1430
3 1431
2 1472
1 1454
0 1455
0 1505
0 1554
3 1580
0 1604
2 1649
3 1627
0 1654
2 1691
1 1689
0 1704
3 1718
0 1755
3 1762
3 1763
2 1789
1 1760
3 1764
0 1805
2 1841
1 1808
1 1809
2 1842
3 1828
1 1810
3 1829
1 1811
1 1812
1 1813
0 1855
2 1894
1 1872
0 1905
2 1954
1 1934
1 1939
0 1955
0 2005
2 2059
3 2031
3 2032
2 2060
2 2061
1 2048
1 2049
2 2062
1 2050
2 2063
0 2055
3 2088
1 2106
2 2129
2 2130
3 2089
3 2090
3 2091
3 2092
0 2105
1 2146
0 2155
3 2207
0 2205
0 2255
3 2290
2 2313
3 2291
3 2292
3 2293
0 2305
0 2355
1 2366
2 2425
3 2390
3 2391
1 2367
3 2392
1 2368
3 2393
0 2405
0 2455
3 2493
1 2448
1 2449
3 2494
2 2507
3 2495
1 2450
2 2508
2 2509
1 2451
0 2505
2 2559
1 2498
1 2499
1 2500
1 2501
3 2550
2 2560
1 2502
1 2503
1 2504
0 2555
0 2605
1 2574
3 2615
3 2616
1 2575
2 2637
2 2638
1 2576
3 2617
2 2639
2 2640
2 2641
3 2618
2 2642
1 2577
3 2619
0 2655
2 2692
3 2680
1 2642
3 2681
3 2682
3 2683
0 2706
3 2726
1 2693
3 2727
3 2728
0 2756
2 2780
3 2780
2 2781
1 2737
0 2807
2 2835
2 2836
0 2857
2 2899
2 2900
3 2911
3 2912
2 2901
2 2902
0 2907
0 2957
2 3022
3 3029
0 3007
0 3057
1 3047
1 3048
1 3049
2 3119
3 3123
1 3050
1 3051
0 3107
1 3138
0 3157
2 3210
0 3207
2 3256
2 3257
3 3264
1 3231
3 3265
0 3257
1 3285
0 3307
2 3367
3 3350
0 3356
2 3409
3 3387
3 3388
2 3410
3 3389
0 3406
0 3456
2 3490
2 3491
1 3494
1 3495
3 3478
0 3506
0 3556
3 3561
0 3606
3 3605
0 3656
0 3706
0 3753
0 3803
2 3840
2 3841
2 3842
1 3835
2 3843
2 3844
3 3813
1 3836
3 3814
2 3845
1 3837
2 3846
0 3853
0 3896
0 3945
2 4026
3 3981
0 3995
0 4045
1 4077
0 4095
2 4159
2 4160
2 4162
1 4128
0 4146
0 4196
0 4245
1 4285
3 4266
3 4267
1 4286
2 4317
2 4318
1 4287
0 4296
1 4335
3 4298
0 4346
1 4380
0 4395
3 4402
2 4441
1 4448
3 4404
1 4450
3 4405
3 4406
0 4446
3 4458
0 4494
0 4544
1 4609
0 4593
2 4656
0 4643
0 4692
2 4771
2 4772
3 4704
2 4773
0 4742
2 4826
3 4747
1 4793
0 4792
2 4888
2 4889
0 4842
0 4892
0 4941
2 5055
1 5000
2 5056
2 5057
1 5001
3 4970
2 5058
1 5002
2 5059
2 5060
0 4991
0 5041
2 5153
3 5051
0 5091
3 5094
1 5128
1 5129
3 5095
2 5193
1 5130
2 5194
3 5096
2 5195
2 5196
0 5141
3 5154
2 5254
3 5155
3 5156
0 5191
0 5241
0 5291
0 5342
3 5357
3 5358
1 5430
0 5391
1 5474
0 5441
0 5491
2 5632
1 5605
1 5606
0 5541
0 5591
1 5695
2 5703
2 5704
1 5696
1 5697
0 5641
0 5691
1 5795
1 5796
1 5797
1 5798
2 5790
2 5791
1 5799
3 5683
2 5792
3 5684
3 5685
1 5800
2 5793
2 5794
3 5686
1 5801
2 5795
3 5688
0 5742
1 5836
0 5792
0 5842
3 5820
3 5821
3 5822
0 5891
2 5975
3 5876
0 5941
2 6027
3 5906
2 6028
3 5907
1 6021
2 6029
0 5991
0 6040
2 6132
2 6133
2 6134
1 6140
2 6137
1 6141
3 6022
1 6142
3 6023
3 6024
2 6138
0 6090
2 6176
0 6140
1 6213
3 6112
3 6113
1 6215
3 6114
3 6115
0 6190
0 6239
3 6218
1 6320
3 6219
1 6321
2 6314
0 6289
0 6339
1 6397
1 6398
1 6399
0 6388
3 6356
1 6451
1 6452
1 6453
3 6357
2 6431
1 6455
1 6456
2 6435
2 6438
0 6440
1 6513
0 6490
3 6447
3 6448
0 6540
0 6588
1 6662
2 6637
2 6638
2 6639
3 6556
0 6638
0 6685
0 6734
0 6784
3 6740
1 6860
3 6741
1 6861
2 6828
2 6832
2 6837
3 6751
0 6838
2 6884
3 6796
3 6797
2 6885
2 6886
2 6887
3 6801
1 6914
1 6915
0 6891
3 6848
1 6964
0 6941
0 6985
0 7034
3 7014
1 7125
2 7084
2 7085
2 7087
1 7128
1 7129
0 7084
2 7119
0 7134
3 7098
3 7099
2 7171
1 7239
0 7182
3 7144
3 7145
3 7146
3 7147
2 7226
2 7227
0 7233
1 7334
3 7193
3 7194
1 7335
0 7282
3 7231
1 7377
3 7233
1 7378
0 7329
2 7364
1 7427
3 7274
2 7365
3 7275
2 7366
3 7276
3 7277
0 7379
2 7415
1 7472
1 7473
2 7416
1 7474
1 7475
3 7330
3 7331
0 7429
3 7378
3 7379
0 7479
1 7576
0 7529
0 7579
2 7621
1 7665
1 7666
1 7667
2 7622
1 7668
3 7519
1 7669
3 7520
3 7521
2 7623
1 7670
2 7624
3 7522
0 7629
3 7568
1 7717
2 7680
1 7718
0 7678
2 7727
2 7728
0 7728
3 7662
2 7783
0 7778
1 7886
1 7887
2 7846
3 7736
3 7737
1 7888
2 7847
2 7848
2 7849
2 7850
1 7889
2 7851
1 7890
3 7738
1 7891
2 7852
2 7853
3 7739
0 7829
0 7879
2 7982
2 7983
1 8034
1 8035
0 7929
0 7979
1 8145
0 8029
3 7990
1 8187
1 8188
3 7991
3 7992
1 8189
0 8079
3 8044
2 8189
3 8045
3 8046
0 8128
0 8178
1 8348
1 8349
2 8288
0 8228
3 8209
2 8333
2 8334
3 8210
1 8401
0 8278
0 8328
2 8427
3 8293
0 8379
2 8481
1 8533
0 8428
3 8390
2 8544
0 8477
2 8604
1 8658
2 8605
1 8659
3 8442
3 8443
1 8660
0 8527
0 8577
1 8770
1 8771
1 8772
3 8569
3 8570
0 8626
0 8676
3 8661
1 8874
0 8726
1 8940
3 8728
3 8729
1 8941
0 8776
2 8956
3 8781
1 9005
0 8826
1 9045
1 9046
2 8989
3 8821
3 8822
0 8876
0 8926
1 9128
2 9077
3 8902
1 9129
2 9078
2 9079
0 8976
3 8951
3 8952
0 9026
2 9194
2 9195
1 9215
1 9216
2 9196
0 9076
1 9275
1 9276
0 9126
1 9328
3 9111
3 9112
0 9175
3 9165
2 9345
3 9166
3 9167
2 9346
2 9347
3 9168
0 9224
1 9419
1 9420
3 9217
3 9218
3 9219
0 9273
3 9263
1 9468
2 9432
1 9469
3 9264
3 9265
2 9433
3 9266
0 9322
1 9541
0 9371
2 9530
2 9531
0 9420
1 9624
1 9625
2 9577
0 9469
3 9444
2 9616
1 9671
0 9517
0 9566
0 9615
2 9760
3 9579
2 9761
0 9664
1 9858
3 9630
3 9631
2 9812
1 9859
2 9813
1 9860
0 9713
1 9912
1 9913
2 9871
1 9914
0 9762
2 9938
2 9939
0 9811
3 9783
2 9996
2 9997
0 9860
3 9854
3 9855
2 10063
0 9909
0 9958
0 10007
2 10154
0 10056
0 10105
3 10054
3 10055
2 10241
1 10258
0 10154
1 10317
3 10108
3 10109
0 10203
0 10252
3 10184
2 10373
1 10403
0 10301
0 10350
1 10477
2 10457
2 10458
3 10269
3 10270
3 10271
2 10459
1 10478
3 10272
1 10479
3 10273
0 10399
3 10329
0 10448
1 10583
3 10354
1 10584
3 10355
3 10356
0 10497
3 10408
2 10594
0 10546
1 10697
1 10698
3 10456
0 10594
2 10699
2 10700
3 10501
1 10753
0 10643
3 10534
3 10535
3 10536
0 10691
3 10580
2 10810
2 10811
0 10739
1 10881
2 10857
2 10858
3 10616
3 10617
0 10788
2 10904
0 10836
2 10949
2 10950
2 10951
1 10980
3 10728
0 10885
2 11007
2 11008
0 10932
3 10847
0 10980
1 11139
0 11028
1 11189
1 11190
1 11191
3 10935
2 11154
1 11192
2 11155
3 10936
0 11076
2 11199
0 11124
1 11280
3 11026
0 11172
0 11219
0 11265
3 11178
3 11179
1 11435
1 11436
2 11377
0 11312
1 11488
0 11359
3 11271
1 11529
3 11272
2 11460
1 11532
1 11533
1 11534
0 11406
2 11513
0 11452
2 11572
0 11497
3 11416
1 11675
1 11676
3 11417
1 11680
2 11617
2 11618
3 11419
2 11619
0 11545
3 11468
2 11662
2 11663
1 11726
0 11592
0 11639
2 11757
2 11758
0 11686
3 11605
2 11797
2 11798
3 11606
1 11842
3 11607
2 11799
1 11843
0 11733
0 11780
2 11887
0 11827
1 11943
2 11928
2 11929
2 11930
2 11931
0 11874
1 11998
2 11987
3 11775
0 11920
3 11826
1 12034
0 11966
0 12012
3 11917
2 12097
2 12098
1 12132
0 12058
3 11970
3 11971
2 12142
2 12143
0 12104
0 12150
2 12208
3 12058
1 12248
2 12209
3 12059
3 12060
3 12061
0 12195
3 12101
1 12285
0 12242
1 12343
1 12344
1 12345
0 12288
1 12388
2 12341
0 12334
1 12430
3 12258
2 12380
3 12259
3 12260
3 12261
1 12431
0 12380
1 12491
1 12492
2 12443
3 12311
0 12426
3 12357
3 12358
1 12544
1 12545
2 12483
0 12473
3 12407
3 12408
0 12519
3 12449
1 12661
3 12450
3 12451
1 12662
1 12663
0 12565
2 12622
2 12623
3 12503
3 12504
2 12624
3 12505
0 12611
3 12557
3 12558
1 12771
1 12772
2 12664
1 12773
3 12559
2 12665
0 12657
2 12717
0 12703
3 12660
2 12761
2 12762
3 12661
1 12870
0 12749
2 12800
0 12794
2 12848
3 12761
1 12958
0 12839
0 12884
1 13053
1 13054
2 12926
1 13055
3 12840
2 12927
0 12930
1 13105
1 13106
3 12876
1 13107
0 12974
3 12925
2 13016
0 13018
3 12974
0 13062
1 13223
3 13026
1 13224
3 13027
3 13028
3 13029
3 13030
1 13225
0 13104
3 13067
1 13267
1 13268
3 13068
1 13269
0 13142
0 13185
2 13185
0 13228
2 13216
2 13217
3 13177
1 13372
0 13271
3 13237
1 13421
0 13314
3 13266
3 13267
1 13456
2 13308
1 13466
3 13270
1 13467
2 13315
0 13359
0 13398
0 13432
1 13588
3 13380
3 13381
0 13455
1 13607
1 13608
0 13468
0 13477
1 13627
3 13428
1 13628
1 13629
2 13476
0 13525
3 13473
1 13674
0 13526
3 13474
3 13475
3 13476
0 13529
2 13519
2 13561
2 13602
1 13806
2 13643
3 13627
0 13712
3 13628
0 13713
2 13683
3 13681
0 13759
3 13682
2 13724
1 13918
0 13800
3 13712
0 13801
1 13919
3 13713
2 13763
0 13854
2 13802
2 13841
1 14048
2 13879
3 13861
0 13972
0 13973
1 14093
0 13974
0 13975
3 13862
0 13976
0 13977
0 13978
1 14094
2 13917
0 14009
0 14010
0 14011
0 14012
1 14124
1 14125
1 14126
2 13954
2 13991
2 14028
2 14065
2 14100
2 14136
0 14238
1 14348
0 14239
1 14349
2 14172
1 14386
3 14183
1 14387
3 14184
1 14388
3 14185
0 14289
0 14290
1 14389
2 14206
0 14335
3 14225
1 14431
1 14432
