2 518
1 524
0 504
2 529
0 513
3 516
0 524
2 544
1 555
3 530
2 545
3 531
2 546
0 540
3 545
0 557
0 574
1 609
3 576
3 577
3 578
1 610
1 611
3 579
3 580
2 588
1 612
3 581
0 592
3 605
0 612
0 633
1 680
3 649
3 650
3 651
1 681
2 658
1 682
0 656
3 674
3 675
3 676
3 677
1 709
0 681
1 730
0 703
0 724
2 765
3 755
2 771
3 764
0 761
1 811
2 793
1 817
3 799
1 818
3 806
0 791
3 839
0 815
2 839
1 869
1 878
0 862
2 878
1 912
2 907
1 938
2 937
3 946
0 925
2 961
3 963
0 947
1 985
3 1001
1 998
0 1000
0 1026
2 1070
3 1068
0 1067
1 1109
3 1111
3 1112
3 1113
1 1110
0 1108
0 1146
3 1196
3 1197
2 1190
2 1191
1 1207
1 1211
2 1192
1 1212
1 1213
2 1193
0 1189
2 1257
1 1255
2 1258
3 1243
3 1244
3 1245
0 1234
2 1292
2 1293
2 1294
0 1280
3 1292
0 1326
2 1375
1 1361
1 1362
0 1372
1 1418
2 1430
0 1423
0 1473
0 1523
1 1571
2 1568
1 1572
1 1573
2 1569
0 1573
2 1616
3 1596
2 1619
3 1599
2 1620
0 1623
0 1673
2 1714
3 1682
3 1683
3 1684
1 1703
3 1685
2 1715
2 1716
0 1723
2 1761
2 1762
2 1763
2 1764
3 1737
2 1765
2 1766
3 1738
0 1773
3 1786
3 1787
1 1781
2 1814
3 1788
2 1815
0 1823
2 1852
1 1827
2 1853
2 1854
1 1828
0 1873
2 1907
2 1908
2 1909
2 1910
0 1923
0 1973
1 2001
2 2026
1 2002
3 1992
1 2003
3 1993
1 2007
3 1995
0 2023
0 2072
0 2122
2 2195
3 2165
0 2171
3 2223
2 2243
1 2204
1 2205
1 2207
0 2221
1 2254
2 2295
2 2296
0 2271
0 2321
3 2353
1 2332
1 2333
1 2334
2 2385
1 2336
0 2371
3 2412
0 2421
2 2478
1 2421
1 2422
1 2423
3 2451
2 2479
1 2424
0 2471
1 2459
1 2460
0 2521
3 2561
3 2562
1 2514
3 2563
0 2571
0 2621
1 2589
2 2657
2 2658
1 2590
1 2591
1 2592
3 2646
0 2671
2 2705
0 2721
2 2755
0 2771
0 2820
1 2802
0 2870
0 2920
2 2968
1 2900
0 2970
2 3042
3 3053
0 3020
1 3011
0 3069
0 3119
2 3181
1 3149
1 3150
3 3193
3 3194
3 3195
3 3196
3 3197
3 3198
1 3151
1 3152
2 3182
2 3183
0 3169
0 3219
0 3269
3 3323
2 3334
0 3319
1 3350
0 3369
3 3395
0 3419
2 3456
3 3434
0 3469
0 3519
0 3569
0 3619
1 3633
2 3634
3 3625
2 3635
0 3669
3 3682
3 3683
1 3699
3 3684
1 3700
2 3697
2 3698
3 3685
1 3701
2 3699
3 3686
0 3719
1 3752
1 3753
1 3754
2 3755
0 3769
2 3810
2 3811
1 3803
1 3804
1 3805
1 3806
1 3807
3 3783
0 3819
2 3861
0 3869
2 3933
2 3942
0 3921
2 3999
0 3970
2 4043
1 4002
0 4020
2 4087
2 4088
0 4070
1 4103
1 4104
1 4105
2 4124
1 4106
2 4125
3 4082
3 4083
3 4084
2 4126
3 4085
1 4107
2 4127
0 4121
3 4134
3 4135
0 4171
1 4209
0 4221
0 4271
0 4321
1 4363
1 4364
0 4370
2 4416
3 4369
3 4370
0 4420
1 4488
3 4443
3 4444
0 4470
1 4533
2 4540
0 4520
1 4580
3 4524
0 4570
3 4574
1 4629
3 4575
1 4630
1 4631
0 4620
1 4666
0 4670
0 4720
3 4725
0 4769
0 4819
2 4925
0 4868
3 4880
2 4974
0 4918
1 4977
0 4968
2 5091
3 5000
0 5017
3 5032
0 5067
1 5102
0 5117
1 5168
2 5236
2 5237
3 5134
0 5167
2 5279
1 5218
3 5173
0 5217
0 5267
3 5296
0 5317
3 5337
2 5452
0 5367
3 5388
0 5417
2 5554
2 5555
2 5556
1 5509
2 5557
2 5558
0 5467
1 5581
0 5517
1 5622
0 5567
2 5688
0 5617
3 5608
2 5717
0 5667
2 5769
0 5717
0 5767
2 5858
0 5817
1 5889
1 5890
1 5891
1 5892
2 5895
0 5867
3 5844
2 5946
2 5947
1 5945
2 5948
2 5949
3 5845
0 5917
0 5967
1 6060
1 6061
1 6062
3 5933
1 6063
1 6064
1 6065
1 6066
0 6019
3 5991
3 5992
2 6101
2 6102
1 6116
1 6117
1 6118
0 6071
3 6047
2 6159
2 6160
3 6048
1 6159
0 6121
3 6090
3 6091
0 6171
3 6143
2 6244
3 6144
1 6247
0 6221
2 6291
2 6292
3 6191
0 6271
0 6321
1 6384
0 6371
1 6423
1 6424
3 6331
3 6332
3 6333
3 6334
2 6415
1 6425
1 6426
3 6335
3 6336
3 6337
3 6338
3 6339
2 6416
0 6421
0 6471
0 6521
1 6588
0 6571
1 6639
2 6625
3 6540
1 6640
1 6641
3 6541
1 6642
1 6643
0 6621
2 6665
3 6584
1 6697
3 6585
2 6667
2 6669
1 6699
2 6672
0 6675
2 6722
1 6748
0 6726
2 6770
0 6776
1 6855
0 6825
0 6871
2 6910
0 6919
1 6998
1 6999
1 7000
0 6968
1 7055
3 6949
1 7056
2 7026
3 6953
0 7016
3 6993
3 6994
3 6995
3 6996
1 7107
0 7066
3 7035
3 7036
0 7116
3 7071
3 7072
3 7073
3 7074
1 7207
3 7075
2 7142
0 7163
0 7212
1 7308
2 7253
3 7167
0 7262
2 7310
0 7312
3 7252
2 7348
1 7411
2 7351
1 7416
0 7367
3 7314
1 7456
0 7415
1 7520
3 7362
2 7464
2 7466
2 7467
2 7468
1 7521
2 7469
2 7470
3 7363
2 7471
3 7364
3 7365
1 7522
1 7523
2 7472
2 7473
1 7524
3 7366
0 7466
1 7570
3 7406
2 7518
2 7519
3 7407
2 7520
2 7521
2 7522
0 7516
0 7566
2 7611
3 7506
3 7507
1 7655
3 7508
2 7614
3 7509
3 7510
0 7616
3 7552
2 7664
2 7665
0 7666
3 7597
1 7768
2 7721
0 7717
0 7766
1 7871
2 7831
1 7872
3 7722
2 7832
1 7873
2 7833
2 7834
3 7723
0 7816
3 7792
2 7892
1 7942
2 7893
2 7894
0 7866
1 8012
0 7915
3 7899
1 8073
2 8024
2 8025
3 7900
0 7965
3 7930
0 8015
1 8174
0 8065
3 8029
2 8167
2 8168
2 8170
2 8171
2 8172
3 8030
3 8031
0 8116
3 8098
1 8285
1 8286
2 8239
3 8099
1 8287
0 8166
0 8216
2 8321
2 8322
1 8394
3 8196
2 8323
0 8266
3 8238
3 8239
3 8240
3 8241
0 8316
1 8484
0 8365
1 8524
0 8415
0 8465
2 8591
1 8640
1 8641
2 8592
1 8642
1 8643
0 8515
2 8658
1 8702
3 8489
0 8565
0 8615
2 8773
0 8665
0 8715
0 8765
2 8946
2 8947
3 8773
1 8996
1 8997
0 8817
0 8867
2 9022
3 8850
0 8916
0 8966
0 9016
0 9066
0 9116
0 9166
0 9214
1 9415
2 9385
0 9263
3 9257
1 9461
3 9258
2 9427
0 9312
3 9318
0 9361
1 9577
1 9578
2 9523
1 9579
2 9524
2 9525
1 9580
1 9581
0 9411
2 9571
2 9572
2 9573
0 9460
0 9509
1 9716
1 9717
0 9558
0 9607
2 9754
3 9575
1 9804
0 9656
3 9618
1 9846
0 9706
2 9857
0 9755
2 9925
2 9926
3 9727
2 9927
3 9728
0 9803
0 9852
3 9841
2 10051
2 10052
1 10072
0 9902
0 9951
0 10000
0 10049
1 10219
2 10193
3 10003
1 10220
1 10221
3 10004
3 10005
0 10098
3 10048
1 10252
1 10253
3 10049
0 10147
1 10302
1 10303
3 10099
0 10196
0 10245
2 10366
2 10367
1 10397
0 10294
0 10343
3 10261
1 10473
1 10474
0 10391
1 10519
1 10520
2 10494
2 10496
1 10525
1 10526
0 10440
1 10573
0 10489
0 10537
2 10631
1 10685
2 10632
2 10633
1 10686
2 10635
2 10636
1 10688
3 10444
2 10637
2 10638
3 10445
3 10446
3 10447
1 10689
0 10586
1 10745
2 10694
0 10636
3 10527
1 10789
0 10684
3 10569
2 10799
1 10829
3 10570
3 10571
0 10732
0 10780
2 10899
1 10917
1 10918
1 10919
3 10671
0 10829
1 10972
1 10973
2 10943
3 10718
1 10974
2 10944
3 10719
3 10720
1 10975
2 10945
1 10976
1 10977
3 10721
0 10878
2 10990
1 11034
3 10769
2 10991
2 10992
2 10993
2 10994
2 10995
3 10770
0 10926
0 10974
3 10882
3 10883
0 11022
0 11070
1 11225
1 11226
0 11118
2 11236
0 11166
3 11076
1 11322
0 11214
3 11119
1 11370
1 11371
0 11261
1 11432
0 11310
1 11487
3 11231
2 11429
2 11430
0 11357
3 11269
0 11403
2 11502
3 11315
2 11503
0 11450
0 11498
1 11677
2 11613
3 11418
2 11614
2 11615
1 11678
1 11679
2 11616
0 11544
2 11659
3 11464
0 11591
2 11709
3 11510
2 11710
0 11638
2 11755
2 11756
0 11685
0 11732
2 11843
3 11636
2 11844
1 11872
2 11845
0 11779
3 11673
0 11826
0 11873
0 11918
1 12029
1 12030
2 12027
1 12031
2 12028
0 11965
3 11871
1 12081
2 12069
3 11872
1 12082
1 12083
0 12011
0 12057
2 12141
1 12182
3 11969
3 11972
0 12103
0 12149
0 12194
2 12239
3 12100
0 12240
1 12336
1 12337
3 12168
1 12338
0 12285
0 12331
0 12377
3 12310
2 12442
0 12423
3 12351
3 12352
3 12353
1 12537
2 12479
3 12354
0 12469
3 12400
3 12401
2 12524
1 12595
1 12596
1 12597
2 12525
1 12598
3 12402
1 12599
2 12526
3 12403
0 12516
1 12657
0 12561
3 12500
2 12619
3 12501
0 12607
2 12661
2 12662
1 12767
3 12555
2 12663
1 12770
0 12654
2 12711
2 12712
2 12713
3 12609
3 12610
3 12611
3 12612
2 12714
2 12715
1 12824
2 12716
0 12701
3 12657
1 12869
3 12658
3 12659
0 12746
3 12701
3 12702
3 12703
1 12911
3 12704
1 12912
2 12799
3 12707
0 12792
3 12754
3 12755
1 12953
2 12838
1 12954
1 12955
3 12756
3 12757
1 12956
3 12758
2 12839
2 12840
2 12841
2 12842
2 12843
3 12759
2 12844
3 12760
2 12845
2 12846
0 12838
3 12797
1 13007
2 12881
0 12883
1 13052
2 12922
2 12923
2 12924
0 12928
3 12875
0 12972
1 13149
2 13015
0 13017
2 13047
0 13061
1 13221
2 13077
3 13023
3 13024
1 13222
3 13025
2 13078
1 13226
3 13031
3 13032
1 13227
3 13033
0 13105
1 13263
1 13264
1 13265
1 13266
2 13119
2 13124
1 13273
0 13149
0 13191
0 13234
0 13277
1 13425
0 13319
1 13469
1 13470
3 13272
0 13356
2 13360
1 13525
2 13366
3 13309
0 13401
1 13566
1 13567
2 13409
2 13420
3 13386
0 13457
0 13469
3 13421
0 13479
2 13472
0 13521
2 13514
3 13512
1 13709
3 13513
3 13514
3 13515
3 13516
1 13710
0 13565
3 13517
0 13566
1 13711
0 13567
3 13518
2 13556
1 13742
1 13743
0 13607
2 13597
1 13794
0 13660
1 13798
0 13663
3 13578
3 13579
1 13799
3 13580
0 13664
3 13581
1 13800
2 13639
1 13830
0 13707
1 13831
3 13618
0 13708
3 13619
3 13620
3 13621
3 13622
3 13623
0 13709
3 13624
0 13710
3 13625
0 13711
2 13682
0 13758
3 13678
3 13679
3 13680
1 13881
2 13722
1 13912
1 13913
3 13707
1 13914
2 13762
2 13801
2 13840
3 13818
1 14049
2 13880
2 13918
0 14013
0 14014
3 13901
1 14127
3 13902
3 13903
3 13904
2 13955
0 14046
3 13924
0 14047
3 13925
0 14048
2 13992
3 13948
0 14077
2 14029
3 13988
3 13989
3 13990
2 14066
3 14051
1 14281
1 14282
3 14052
3 14053
3 14054
3 14055
1 14283
2 14103
2 14139
2 14175
2 14211
0 14342
1 14436
1 14437
0 14343
1 14438
3 14230
0 14344
