1 565
3 543
2 555
1 567
0 553
3 551
1 581
2 565
1 582
2 566
1 583
3 552
3 553
3 554
2 567
1 584
2 568
0 570
1 596
1 597
3 564
1 598
0 587
0 607
1 647
0 629
0 651
3 671
2 676
2 677
1 700
2 678
2 679
1 701
1 702
0 673
3 691
3 692
1 722
2 696
0 698
3 723
1 748
2 732
0 723
3 749
3 750
0 745
0 771
1 835
0 801
3 847
1 860
0 833
3 864
1 887
1 905
0 887
3 918
0 894
0 904
3 935
0 914
3 955
2 940
2 941
1 961
2 966
0 950
3 983
1 986
2 996
1 999
0 1002
0 1030
0 1064
0 1103
1 1157
1 1158
3 1152
0 1143
0 1185
2 1246
2 1247
3 1238
2 1248
0 1230
0 1276
0 1321
3 1337
2 1374
0 1366
0 1415
3 1434
1 1458
1 1459
0 1465
3 1494
2 1521
3 1495
1 1513
3 1496
0 1516
0 1566
0 1616
2 1659
0 1666
2 1706
1 1697
0 1716
3 1731
2 1754
3 1732
0 1766
3 1779
2 1799
3 1780
1 1772
2 1800
0 1816
3 1839
0 1866
0 1916
1 1948
2 1965
1 1949
1 1950
2 1966
2 1967
0 1966
0 2016
2 2072
0 2065
3 2102
2 2138
3 2103
0 2115
0 2165
2 2239
0 2215
1 2247
3 2260
1 2248
2 2288
1 2249
2 2289
3 2261
2 2290
0 2266
3 2306
2 2327
1 2287
2 2328
0 2316
3 2351
1 2330
2 2383
3 2352
2 2384
1 2331
0 2367
0 2416
2 2473
1 2416
3 2444
3 2445
0 2466
0 2516
2 2568
2 2570
2 2571
1 2510
2 2572
0 2567
0 2617
1 2586
2 2654
2 2655
1 2587
3 2643
2 2656
3 2644
3 2645
0 2667
0 2717
3 2736
1 2698
2 2745
0 2767
0 2817
3 2854
3 2855
0 2867
0 2917
2 2962
2 2963
1 2896
3 2978
1 2897
1 2898
2 2964
2 2965
0 2966
3 3040
3 3041
2 3034
3 3042
2 3035
1 2961
3 3043
3 3044
1 2962
1 2963
0 3016
1 3008
3 3085
2 3086
0 3066
0 3116
0 3166
1 3186
0 3216
2 3264
2 3265
0 3266
3 3314
2 3325
2 3326
3 3315
3 3319
1 3305
1 3306
3 3320
1 3307
0 3316
0 3366
0 3416
1 3448
2 3453
2 3454
3 3430
1 3449
3 3431
0 3466
1 3502
0 3516
0 3566
1 3583
0 3615
3 3622
2 3629
1 3628
0 3664
2 3692
3 3679
1 3695
0 3714
2 3751
0 3763
0 3813
3 3824
3 3827
1 3847
0 3861
2 3917
2 3925
1 3895
1 3896
2 3936
1 3907
2 3946
3 3897
3 3898
1 3912
2 3950
3 3901
3 3902
2 3951
2 3952
3 3903
1 3914
1 3915
0 3929
3 3972
1 3967
0 3978
2 4044
1 4007
2 4045
0 4029
2 4094
2 4095
3 4047
0 4079
0 4129
2 4193
3 4145
2 4194
1 4160
1 4161
3 4147
2 4195
2 4196
0 4180
2 4253
3 4200
1 4217
0 4229
1 4278
2 4308
0 4279
3 4289
2 4342
2 4343
2 4344
3 4290
0 4329
1 4369
0 4379
3 4385
0 4429
2 4484
1 4492
2 4486
1 4493
0 4480
3 4488
0 4529
1 4585
0 4579
2 4647
2 4648
1 4643
0 4630
3 4625
1 4675
0 4679
2 4762
2 4763
1 4742
1 4743
3 4691
0 4729
0 4778
2 4879
1 4836
0 4828
1 4891
1 4892
1 4893
1 4894
0 4879
2 4990
3 4893
1 4925
1 4926
3 4894
0 4929
1 4991
1 4992
1 4993
2 5043
2 5044
2 5045
2 5046
2 5047
0 4980
2 5108
1 5043
2 5109
2 5110
2 5111
2 5112
3 5014
1 5044
2 5117
3 5015
2 5118
2 5119
1 5045
0 5030
0 5080
3 5086
3 5087
2 5189
0 5130
2 5246
2 5247
0 5180
1 5246
3 5197
2 5306
2 5307
0 5230
3 5259
2 5359
0 5280
2 5409
1 5365
0 5330
0 5380
1 5464
1 5465
1 5466
0 5430
1 5526
0 5480
1 5600
2 5620
3 5501
0 5530
2 5660
2 5661
2 5662
1 5631
1 5632
1 5633
1 5634
0 5580
3 5579
0 5630
1 5737
0 5680
1 5784
2 5781
3 5666
2 5782
2 5783
2 5784
3 5667
3 5668
2 5785
1 5785
0 5730
3 5718
0 5780
3 5749
1 5861
0 5830
2 5906
2 5907
1 5905
2 5908
2 5909
1 5906
3 5798
0 5880
1 5954
2 5966
0 5930
3 5903
2 6021
0 5980
1 6081
0 6029
0 6079
2 6165
2 6166
0 6129
2 6207
1 6207
2 6208
2 6209
1 6208
2 6210
2 6211
3 6102
1 6209
0 6179
3 6150
2 6249
0 6229
1 6308
3 6197
3 6198
3 6199
3 6200
3 6201
2 6300
3 6202
3 6203
0 6279
3 6258
0 6329
2 6389
2 6390
0 6379
2 6419
1 6437
2 6420
3 6352
1 6438
3 6353
1 6439
0 6429
3 6396
1 6498
0 6479
3 6438
2 6546
1 6546
3 6439
1 6547
3 6440
0 6529
2 6585
1 6591
1 6592
3 6495
2 6586
3 6496
3 6497
1 6593
3 6498
3 6499
1 6594
0 6579
2 6629
3 6548
0 6629
1 6702
3 6591
0 6677
0 6727
2 6771
1 6804
3 6696
2 6772
3 6697
1 6805
2 6773
3 6698
0 6779
1 6857
1 6858
0 6827
3 6791
1 6900
2 6875
2 6876
1 6901
0 6877
1 6950
2 6920
0 6926
1 7003
1 7004
1 7005
1 7006
3 6885
1 7007
1 7008
3 6886
0 6971
3 6956
3 6957
0 7017
2 7076
3 6997
1 7108
3 6998
2 7077
3 6999
2 7078
0 7068
1 7169
3 7037
2 7105
1 7170
1 7171
3 7038
0 7118
2 7149
2 7153
3 7088
2 7157
3 7091
0 7172
3 7130
3 7131
1 7269
3 7132
3 7133
1 7270
3 7134
1 7271
3 7135
2 7212
3 7136
0 7224
3 7180
1 7321
2 7263
2 7264
3 7181
1 7322
1 7323
3 7182
2 7265
1 7324
3 7183
1 7325
1 7326
0 7274
0 7321
2 7357
2 7358
2 7359
3 7265
1 7420
2 7360
0 7371
0 7421
0 7471
1 7571
0 7521
0 7571
0 7621
2 7671
0 7671
2 7723
3 7600
3 7601
1 7772
0 7721
2 7770
3 7652
1 7819
3 7653
3 7654
2 7771
2 7772
0 7771
3 7731
2 7836
2 7837
1 7877
1 7878
0 7821
3 7799
3 7800
2 7905
3 7801
0 7871
2 7966
1 8020
1 8021
3 7856
3 7857
2 7967
3 7858
3 7859
1 8022
3 7860
0 7921
1 8078
0 7971
1 8132
1 8133
2 8073
3 7934
1 8134
0 8021
3 7978
1 8178
3 7979
3 7980
2 8135
3 7981
3 7982
1 8179
3 7983
1 8180
3 7985
0 8072
3 8039
0 8122
1 8289
2 8243
1 8290
3 8102
1 8291
1 8292
1 8293
1 8294
1 8295
1 8296
1 8297
3 8104
1 8298
2 8244
0 8174
3 8155
1 8344
0 8223
2 8329
2 8330
2 8332
0 8273
3 8248
0 8323
0 8373
0 8423
1 8584
2 8533
3 8382
2 8534
1 8585
0 8473
2 8600
1 8651
2 8601
1 8652
1 8653
1 8654
3 8440
0 8524
3 8498
3 8499
2 8667
1 8710
2 8668
2 8669
2 8670
1 8711
3 8500
0 8574
3 8563
3 8564
3 8565
1 8762
3 8566
3 8567
1 8763
1 8764
1 8765
1 8766
3 8568
1 8767
1 8768
0 8624
3 8621
0 8673
2 8832
1 8870
1 8872
0 8724
0 8774
0 8824
2 8985
1 9038
3 8816
1 9039
1 9040
1 9041
1 9043
0 8873
0 8924
3 8900
0 8974
3 8947
3 8948
1 9162
0 9024
1 9213
0 9074
0 9123
3 9110
0 9173
2 9344
1 9378
0 9222
3 9211
3 9212
3 9213
2 9388
2 9389
2 9390
0 9271
2 9431
0 9320
3 9323
3 9324
0 9369
0 9418
2 9574
3 9409
1 9623
0 9467
2 9607
2 9608
3 9439
2 9609
2 9610
2 9611
3 9440
0 9516
3 9498
3 9499
0 9565
0 9614
1 9809
1 9810
2 9759
1 9811
0 9663
0 9711
1 9907
1 9908
3 9676
2 9866
3 9677
0 9760
0 9809
2 9989
1 10008
2 9990
0 9857
3 9846
2 10056
1 10079
2 10057
3 9847
3 9848
2 10058
3 9849
3 9850
3 9851
2 10059
0 9907
3 9888
3 9889
0 9956
3 9937
3 9938
3 9939
2 10129
1 10151
1 10152
3 9940
2 10130
1 10153
2 10131
0 10006
0 10055
3 10008
1 10225
3 10009
2 10202
3 10010
3 10011
0 10104
3 10053
0 10153
2 10287
1 10314
1 10315
3 10106
3 10107
2 10288
1 10316
0 10202
2 10326
1 10357
2 10327
1 10358
2 10328
2 10329
2 10330
2 10331
2 10332
1 10359
1 10360
0 10251
0 10299
1 10439
0 10348
2 10454
0 10397
1 10527
1 10528
1 10529
2 10504
2 10505
2 10506
1 10530
1 10531
0 10446
0 10494
1 10626
0 10543
2 10646
3 10451
0 10592
3 10499
0 10641
3 10533
2 10758
1 10793
0 10689
2 10806
3 10579
2 10807
2 10808
1 10836
2 10809
0 10737
1 10879
1 10880
2 10856
0 10785
3 10673
3 10674
3 10675
3 10676
1 10926
3 10677
3 10678
3 10679
0 10833
2 10948
1 10978
0 10881
0 10929
3 10839
2 11054
3 10840
2 11055
2 11056
3 10841
2 11057
1 11079
1 11080
3 10842
2 11058
2 11059
2 11060
2 11064
2 11065
2 11066
1 11081
0 10977
1 11132
2 11114
3 10885
3 10886
3 10887
1 11133
1 11134
0 11025
1 11187
1 11188
0 11073
0 11121
0 11168
3 11077
1 11323
0 11216
1 11377
3 11121
1 11378
0 11264
3 11177
1 11434
2 11376
0 11311
0 11358
1 11527
2 11456
2 11457
1 11528
2 11458
2 11459
2 11461
2 11462
1 11530
2 11463
1 11531
3 11273
2 11464
0 11405
2 11507
1 11579
3 11319
2 11508
2 11514
0 11454
1 11639
2 11576
0 11501
1 11681
1 11682
1 11683
0 11548
1 11728
0 11593
3 11511
1 11766
3 11512
0 11640
3 11556
2 11759
3 11557
2 11760
3 11558
2 11761
3 11559
0 11687
0 11734
0 11781
1 11902
3 11674
0 11828
2 11932
3 11718
3 11719
3 11720
2 11933
0 11875
0 11921
0 11967
0 12014
0 12060
2 12144
1 12185
3 11975
0 12106
1 12212
0 12152
2 12211
0 12198
2 12241
2 12242
3 12102
2 12243
1 12287
0 12244
3 12171
0 12290
3 12218
0 12336
1 12434
2 12385
2 12386
1 12435
1 12437
2 12388
0 12382
0 12428
1 12546
0 12474
1 12610
1 12611
3 12409
2 12531
1 12612
2 12532
2 12533
0 12520
1 12664
3 12452
3 12453
1 12665
3 12454
2 12573
1 12666
0 12566
1 12715
1 12716
0 12612
3 12560
3 12561
3 12562
3 12563
2 12666
1 12774
3 12564
1 12775
2 12667
3 12565
1 12776
2 12668
0 12658
0 12704
0 12748
0 12793
1 12957
2 12847
0 12837
1 13005
1 13006
0 12881
1 13050
0 12926
2 12966
0 12970
0 13014
3 12970
3 12971
0 13058
3 13018
3 13019
1 13219
3 13020
0 13101
3 13065
1 13262
0 13140
3 13102
0 13183
3 13135
2 13181
1 13335
2 13182
0 13225
1 13368
1 13369
1 13370
0 13269
2 13270
2 13271
3 13234
3 13235
2 13272
3 13236
1 13420
2 13273
0 13313
0 13352
1 13516
0 13389
3 13347
0 13426
3 13371
0 13451
3 13410
0 13467
1 13615
3 13418
1 13616
0 13475
1 13626
2 13475
3 13470
1 13669
1 13670
3 13471
3 13472
0 13522
1 13671
0 13523
0 13524
1 13672
1 13673
2 13517
2 13558
0 13610
2 13599
1 13801
3 13582
1 13802
1 13803
3 13583
2 13640
2 13680
3 13672
3 13673
0 13756
3 13674
3 13675
3 13676
2 13720
2 13760
3 13748
3 13749
2 13799
1 14001
2 13838
3 13813
3 13814
1 14045
3 13815
3 13816
0 13938
1 14046
2 13877
1 14092
2 13914
0 14001
0 14003
3 13899
1 14121
0 14004
0 14005
0 14006
0 14007
0 14008
1 14122
3 13900
1 14123
