0 594
1 638
3 608
3 609
2 616
0 616
0 638
3 654
0 659
0 679
0 701
3 725
1 751
1 755
0 728
1 775
1 776
2 770
1 781
3 762
0 756
1 805
0 782
2 816
2 817
2 818
3 829
0 807
0 828
1 881
2 860
3 869
3 870
3 871
2 861
1 896
1 917
0 902
1 952
3 962
1 968
2 973
3 972
2 974
0 964
1 994
1 1010
0 1010
2 1054
2 1059
0 1052
3 1099
2 1104
1 1093
1 1094
2 1105
0 1091
3 1135
1 1135
1 1136
1 1137
0 1130
0 1171
1 1239
0 1215
0 1261
2 1318
1 1307
3 1280
1 1308
2 1319
1 1309
0 1307
1 1348
3 1323
0 1354
0 1402
1 1451
1 1452
0 1452
3 1483
1 1502
3 1484
0 1502
2 1554
0 1552
3 1579
0 1602
1 1641
0 1650
2 1689
1 1688
3 1666
3 1667
0 1700
0 1750
1 1758
1 1759
0 1801
3 1823
1 1801
2 1835
2 1836
3 1824
1 1802
0 1851
2 1888
2 1889
3 1878
2 1891
2 1892
1 1868
2 1893
1 1869
0 1901
2 1951
2 1952
0 1951
2 2005
3 1971
2 2006
3 1972
3 1973
3 1974
0 2002
0 2052
3 2085
2 2124
3 2086
1 2102
2 2125
1 2103
1 2104
2 2126
1 2105
0 2102
3 2136
0 2152
2 2226
0 2202
2 2277
0 2252
0 2302
1 2318
3 2337
2 2369
0 2352
0 2402
0 2452
2 2504
3 2491
3 2492
2 2505
0 2502
3 2547
2 2558
3 2548
0 2552
0 2602
3 2612
2 2636
1 2569
1 2570
1 2571
1 2572
3 2613
0 2652
1 2635
2 2688
0 2702
1 2690
1 2691
2 2735
0 2752
2 2772
2 2773
0 2802
1 2783
3 2829
0 2852
3 2904
2 2887
1 2836
1 2837
2 2888
0 2902
0 2952
3 3020
1 2940
0 3002
0 3052
1 3039
1 3040
0 3102
0 3152
0 3202
0 3252
0 3302
3 3346
1 3340
0 3351
1 3395
1 3396
3 3386
2 3406
0 3403
0 3453
3 3475
3 3476
2 3487
0 3503
0 3553
3 3559
0 3603
1 3619
0 3653
2 3681
3 3669
1 3683
2 3682
0 3704
2 3736
2 3739
2 3741
1 3738
3 3726
1 3739
2 3742
2 3745
0 3760
1 3794
0 3810
3 3820
2 3852
3 3821
0 3859
2 3914
1 3889
3 3880
1 3890
0 3906
0 3956
1 3990
0 4006
0 4056
1 4091
1 4092
0 4105
1 4134
0 4155
1 4184
2 4226
2 4227
3 4174
2 4229
1 4186
1 4187
1 4189
3 4175
3 4177
3 4178
1 4191
2 4230
2 4231
0 4209
0 4259
3 4273
1 4298
2 4328
0 4309
2 4362
3 4309
1 4355
3 4310
1 4356
2 4363
2 4364
3 4311
0 4359
1 4395
1 4396
3 4347
2 4402
1 4397
1 4398
0 4409
1 4468
2 4453
2 4454
3 4426
2 4455
2 4456
3 4427
2 4457
2 4458
3 4428
2 4459
2 4460
1 4471
2 4461
2 4462
3 4429
2 4463
1 4473
0 4463
0 4509
3 4510
0 4558
2 4625
3 4568
0 4609
0 4659
3 4666
2 4729
2 4730
1 4719
3 4670
3 4671
2 4731
2 4732
0 4710
0 4760
1 4821
1 4822
3 4795
3 4796
2 4860
0 4810
2 4916
1 4864
1 4865
2 4917
3 4825
0 4860
2 4970
3 4871
1 4913
3 4872
1 4914
3 4873
2 4971
2 4972
1 4915
0 4910
2 5023
2 5024
3 4941
3 4942
3 4943
2 5025
2 5026
0 4960
2 5077
1 5027
1 5028
2 5078
2 5079
0 5010
2 5136
0 5060
0 5110
1 5159
2 5227
3 5125
3 5126
1 5160
2 5228
2 5229
2 5230
3 5127
1 5161
3 5128
0 5160
2 5274
0 5210
1 5286
0 5260
1 5343
3 5290
3 5291
1 5344
3 5292
0 5310
0 5360
1 5444
2 5495
3 5381
1 5445
3 5382
1 5446
1 5447
0 5410
3 5435
1 5501
2 5551
3 5436
0 5460
0 5510
3 5522
0 5560
0 5610
1 5711
0 5660
0 5710
3 5705
0 5760
0 5810
0 5860
1 5934
3 5840
3 5841
0 5910
2 5999
0 5960
1 6043
3 5926
1 6044
2 6050
1 6045
0 6010
0 6060
2 6152
3 6041
3 6042
0 6110
1 6194
0 6160
3 6133
1 6238
3 6134
0 6209
0 6259
2 6336
0 6309
3 6279
1 6375
3 6280
1 6376
1 6377
0 6358
3 6317
3 6318
3 6319
3 6320
0 6408
3 6373
0 6457
3 6420
2 6528
1 6529
0 6507
1 6574
1 6575
3 6464
0 6557
1 6629
3 6527
2 6616
3 6530
2 6619
2 6621
0 6610
2 6650
3 6567
2 6651
1 6678
0 6661
0 6711
0 6760
3 6721
0 6810
1 6887
0 6852
2 6898
3 6813
0 6901
1 6972
2 6939
1 6973
3 6859
3 6860
0 6953
0 6998
1 7086
0 7047
0 7096
2 7126
2 7127
3 7055
0 7146
1 7250
2 7183
3 7109
2 7186
0 7198
3 7154
1 7298
3 7155
0 7247
3 7206
2 7293
0 7297
0 7347
3 7292
1 7442
3 7293
3 7294
3 7295
0 7397
0 7446
1 7549
0 7495
0 7545
3 7488
1 7645
0 7595
2 7630
1 7690
2 7634
2 7635
2 7636
2 7637
0 7646
1 7738
1 7739
0 7695
2 7741
3 7619
3 7620
3 7622
3 7623
3 7624
2 7743
2 7744
2 7745
3 7625
1 7795
3 7626
2 7746
0 7745
1 7852
0 7795
3 7757
0 7845
3 7816
1 7980
3 7817
2 7939
0 7895
2 7997
2 7998
2 7999
1 8051
0 7945
1 8101
0 7995
2 8111
0 8045
1 8206
3 8007
3 8008
0 8095
0 8145
3 8127
3 8128
3 8129
1 8318
0 8195
1 8365
2 8296
2 8297
2 8298
0 8245
0 8295
3 8262
1 8454
2 8394
2 8395
2 8396
2 8397
1 8455
3 8263
1 8456
1 8457
2 8398
3 8264
0 8345
3 8311
0 8395
1 8554
0 8445
0 8495
2 8628
3 8462
1 8675
1 8676
1 8677
2 8629
1 8678
2 8630
1 8679
3 8464
2 8632
2 8633
1 8680
3 8465
2 8634
2 8635
1 8681
0 8546
1 8733
2 8692
1 8734
0 8598
0 8647
0 8697
1 8906
3 8686
1 8907
1 8908
2 8862
3 8687
0 8747
0 8797
3 8796
0 8847
1 9060
3 8833
0 8896
2 9041
3 8862
2 9042
0 8946
2 9095
1 9137
0 8996
0 9046
1 9239
0 9097
0 9147
2 9315
0 9197
2 9364
0 9246
0 9294
1 9488
2 9458
1 9489
2 9459
3 9291
0 9343
0 9391
0 9440
1 9646
0 9489
1 9699
3 9480
2 9646
3 9481
2 9647
0 9538
1 9743
2 9682
3 9522
3 9523
0 9587
0 9636
0 9685
2 9842
1 9885
3 9651
1 9886
3 9652
1 9893
3 9657
1 9894
2 9844
2 9845
3 9658
2 9846
0 9734
0 9783
1 9989
2 9963
2 9964
1 9993
0 9833
3 9825
2 10032
1 10049
1 10050
1 10051
1 10052
2 10033
3 9826
1 10053
1 10054
0 9882
0 9931
2 10114
2 10115
1 10135
2 10116
0 9979
0 10028
0 10077
2 10224
0 10124
3 10071
0 10173
0 10222
3 10169
0 10271
1 10427
0 10320
0 10367
0 10416
2 10521
1 10551
1 10552
0 10464
2 10568
1 10604
2 10569
0 10513
0 10561
1 10718
0 10610
0 10658
3 10548
3 10549
1 10799
0 10706
0 10754
2 10880
1 10896
3 10638
0 10802
1 10942
3 10696
0 10850
1 11001
0 10897
2 11027
2 11028
3 10804
0 10945
2 11080
3 10861
0 10993
3 10898
3 10899
0 11041
1 11204
0 11089
3 11005
3 11006
1 11250
1 11251
1 11252
2 11212
1 11253
2 11213
2 11214
0 11137
2 11247
1 11289
1 11290
2 11248
2 11250
1 11292
0 11187
0 11235
2 11351
0 11281
1 11451
1 11452
1 11453
3 11198
3 11199
1 11454
3 11200
0 11328
1 11506
3 11252
1 11507
2 11444
1 11508
0 11375
0 11422
2 11527
3 11336
3 11337
1 11593
1 11594
1 11595
2 11528
3 11338
2 11529
3 11339
1 11596
1 11597
2 11530
0 11469
3 11386
3 11387
3 11388
3 11389
2 11588
0 11516
3 11439
0 11563
0 11610
3 11525
2 11727
3 11526
0 11656
2 11779
3 11581
0 11703
2 11818
1 11853
0 11750
2 11857
0 11797
0 11843
0 11888
2 11992
2 11993
3 11788
2 11994
3 11789
2 11995
3 11790
0 11934
2 12042
1 12049
1 12050
2 12043
0 11980
1 12093
0 12027
1 12150
1 12151
3 11936
0 12073
1 12194
2 12155
0 12118
2 12183
3 12033
0 12164
1 12261
0 12210
0 12256
2 12317
1 12362
1 12363
3 12191
0 12302
1 12398
2 12349
0 12348
1 12453
3 12285
0 12394
3 12327
0 12440
2 12493
2 12494
0 12486
1 12623
1 12624
0 12532
2 12581
2 12582
2 12583
2 12584
0 12578
1 12722
3 12512
2 12628
2 12629
0 12624
1 12785
1 12786
1 12787
0 12670
2 12729
1 12843
1 12844
0 12717
1 12881
0 12762
1 12924
2 12811
0 12806
1 12975
3 12772
0 12851
2 12888
0 12897
1 13067
1 13068
3 12851
0 12942
0 12986
3 12938
1 13157
1 13158
3 12939
1 13159
1 13160
0 13030
0 13074
1 13234
3 13042
0 13113
3 13072
3 13073
2 13131
3 13082
0 13156
2 13162
0 13201
1 13348
0 13244
1 13391
2 13234
1 13392
3 13193
3 13194
2 13236
1 13398
2 13237
0 13290
2 13293
1 13441
0 13335
3 13288
1 13494
1 13495
3 13289
0 13377
1 13541
0 13413
0 13442
3 13394
1 13597
0 13464
3 13416
0 13473
2 13467
3 13458
2 13509
2 13551
1 13736
1 13737
1 13738
2 13593
1 13787
1 13790
1 13791
1 13792
0 13658
2 13636
2 13675
3 13664
0 13750
3 13665
2 13715
3 13701
0 13793
2 13756
3 13744
0 13849
3 13745
1 13959
0 13850
2 13795
1 13993
3 13773
0 13892
1 13994
2 13833
3 13811
1 14038
0 13933
0 13934
0 13935
1 14039
2 13872
1 14086
1 14087
0 13967
2 13910
2 13948
0 14040
1 14154
0 14041
2 13986
1 14199
2 14023
3 13980
0 14108
0 14109
3 13981
0 14110
1 14235
0 14111
2 14060
1 14274
2 14096
0 14206
3 14095
0 14207
1 14316
1 14317
3 14096
3 14097
2 14132
2 14168
3 14179
0 14285
1 14384
0 14286
3 14180
1 14385
3 14181
2 14203
0 14330
1 14426
3 14221
3 14222
0 14331
3 14223
0 14332
3 14224
0 14333
1 14427
1 14428
1 14429
0 14334
2 14238
0 14381
0 14382
3 14262
0 14383
0 14384
1 14470
1 14471
0 14385
1 14472
0 14386
0 14387
0 14388
2 14269
3 14291
3 14292
3 14293
3 14294
3 14295
3 14296
2 14300
1 14516
2 14331
3 14352
3 14353
0 14474
0 14475
2 14362
2 14392
3 14413
2 14422
0 14555
3 14437
3 14438
1 14622
1 14623
2 14451
2 14480
0 14603
0 14604
3 14475
3 14476
0 14605
3 14477
2 14510
0 14638
1 14683
1 14684
0 14639
2 14536
1 14704
0 14665
1 14705
1 14706
2 14563
1 14724
2 14587
0 14724
1 14751
3 14567
3 14568
1 14752
2 14611
3 14578
1 14768
3 14579
0 14742
0 14743
1 14769
0 14744
1 14770
2 14634
0 14768
2 14656
3 14628
1 14821
3 14629
2 14676
2 14696
3 14673
0 14843
1 14861
2 14714
2 14731
0 14872
2 14745
2 14761
0 14895
1 14913
0 14896
3 14736
1 14914
0 14897
1 14915
3 14737
1 14916
3 14738
1 14917
1 14918
0 14899
1 14919
2 14773
1 14929
3 14749
2 14785
0 14916
1 14942
0 14917
2 14795
1 14951
0 14930
2 14809
3 14790
2 14820
0 14956
2 14828
2 14836
2 14845
3 14831
2 14854
0 14988
1 15001
2 14863
0 14990
2 14872
0 14998
1 15005
2 14881
3 14854
0 15004
0 15005
2 14887
2 14893
3 14867
0 15011
1 15022
2 14903
0 15017
3 14872
3 14873
3 14874
0 15018
0 15019
2 14910
0 15024
3 14880
2 14917
2 14921
0 15028
2 14925
0 15029
1 15043
3 14885
1 15044
3 14886
3 14887
0 15030
