0 618
1 662
2 640
2 641
3 630
3 631
2 642
3 632
0 640
2 665
3 656
3 657
2 666
0 664
3 678
0 685
3 712
3 713
2 706
2 707
3 714
1 734
2 709
2 710
2 711
1 735
2 712
2 713
3 715
0 712
3 743
3 744
2 754
2 756
2 759
0 740
1 787
0 762
2 794
3 800
3 801
3 802
2 798
2 800
1 823
2 802
3 815
0 794
1 854
0 825
3 859
1 876
2 852
1 891
3 883
0 871
2 898
1 922
3 925
1 945
0 931
0 956
3 984
0 979
1 1015
1 1023
3 1029
1 1032
2 1035
0 1031
0 1065
1 1106
0 1104
2 1156
2 1157
1 1159
1 1160
1 1161
1 1162
2 1158
3 1153
1 1163
0 1144
2 1189
1 1204
3 1192
3 1193
3 1194
3 1195
1 1206
0 1187
2 1250
3 1239
3 1240
1 1252
2 1251
3 1241
1 1254
0 1232
2 1290
1 1279
1 1280
3 1258
1 1281
1 1282
3 1259
1 1283
1 1284
3 1260
1 1285
3 1261
0 1278
1 1322
1 1323
0 1324
0 1370
1 1415
0 1419
2 1479
2 1480
0 1469
1 1516
2 1523
2 1524
3 1498
1 1517
3 1499
1 1518
2 1525
2 1526
0 1519
3 1539
3 1540
2 1564
0 1571
3 1592
1 1606
3 1593
2 1614
2 1615
1 1607
1 1608
3 1594
1 1609
3 1595
1 1610
0 1621
0 1671
2 1710
2 1711
2 1712
0 1721
3 1736
1 1739
0 1770
0 1820
0 1870
1 1882
2 1900
1 1883
0 1920
1 1954
0 1970
3 1988
3 1989
2 2023
3 1990
0 2020
0 2070
2 2147
2 2148
3 2117
3 2118
3 2119
2 2149
1 2129
1 2130
0 2120
2 2186
2 2187
3 2157
1 2164
1 2165
3 2158
3 2159
3 2160
2 2188
1 2166
3 2161
1 2167
2 2189
2 2190
0 2170
1 2206
2 2244
3 2224
2 2245
2 2246
0 2220
2 2292
2 2293
2 2294
0 2270
1 2289
0 2320
1 2335
0 2370
0 2420
0 2470
3 2509
0 2520
1 2511
1 2512
3 2559
1 2513
3 2560
0 2570
0 2620
0 2670
1 2661
3 2698
3 2699
3 2700
0 2720
2 2754
3 2744
1 2701
3 2745
0 2770
3 2793
3 2794
3 2795
2 2795
2 2796
0 2821
0 2871
1 2858
1 2859
1 2860
3 2930
2 2916
0 2922
1 2903
2 2971
3 2982
3 2983
3 2984
2 2972
2 2973
2 2974
3 2985
0 2972
1 2976
1 2979
1 2980
0 3022
1 3013
2 3090
2 3091
2 3092
0 3072
3 3143
3 3144
2 3147
2 3148
3 3145
2 3149
3 3146
1 3100
1 3101
0 3122
0 3172
0 3222
2 3271
2 3272
1 3253
2 3273
1 3254
2 3274
1 3255
1 3256
0 3272
2 3337
1 3310
1 3311
1 3312
3 3329
0 3322
3 3357
2 3374
3 3358
1 3353
2 3375
3 3359
1 3354
3 3360
1 3355
3 3361
3 3362
3 3363
1 3356
2 3376
2 3377
1 3357
2 3378
2 3379
2 3380
1 3358
1 3359
0 3372
1 3408
1 3409
0 3422
3 3437
1 3453
1 3454
2 3459
0 3472
2 3503
2 3504
3 3488
0 3521
2 3563
3 3523
0 3571
3 3578
1 3588
2 3606
3 3582
2 3607
1 3589
0 3622
0 3671
0 3721
3 3737
1 3757
1 3758
3 3738
1 3759
3 3739
1 3760
2 3758
3 3740
1 3761
1 3762
2 3759
0 3771
3 3784
1 3808
2 3813
2 3814
1 3809
1 3810
0 3822
2 3865
2 3866
3 3836
3 3837
3 3838
3 3839
0 3872
2 3938
3 3891
1 3908
3 3892
3 3893
3 3894
0 3917
3 3952
2 3991
3 3953
2 3992
2 3993
1 3953
1 3954
1 3955
3 3955
1 3956
0 3967
0 4017
1 4056
3 4040
2 4085
1 4057
1 4058
0 4067
0 4116
3 4127
1 4141
3 4128
2 4179
3 4129
0 4165
1 4196
2 4237
3 4185
2 4238
3 4187
1 4197
2 4242
1 4198
1 4199
1 4200
0 4216
3 4238
2 4295
3 4239
1 4257
2 4296
1 4259
0 4267
0 4317
3 4316
3 4317
0 4367
2 4411
2 4414
2 4417
3 4366
1 4415
2 4418
2 4420
3 4371
1 4417
3 4372
3 4373
0 4421
2 4476
0 4472
0 4518
3 4522
0 4568
0 4618
3 4611
2 4676
2 4677
0 4669
1 4728
0 4719
1 4768
2 4791
2 4792
1 4769
2 4793
2 4794
1 4770
2 4795
1 4771
2 4796
2 4797
3 4726
2 4798
1 4772
2 4799
2 4800
0 4770
1 4832
3 4801
0 4820
1 4879
1 4880
2 4929
3 4834
0 4870
2 4975
1 4917
2 4976
3 4881
2 4977
2 4978
2 4979
1 4918
0 4920
2 5037
1 4978
3 4955
2 5038
3 4956
1 4979
0 4970
0 5020
3 5036
0 5070
3 5075
3 5076
1 5104
3 5077
2 5172
2 5173
1 5105
2 5174
1 5106
2 5175
0 5121
1 5171
0 5171
1 5223
2 5288
1 5224
1 5225
1 5226
1 5227
3 5179
2 5289
2 5290
3 5180
2 5291
3 5181
1 5228
0 5221
1 5291
1 5292
0 5271
1 5356
3 5299
0 5321
3 5339
1 5406
2 5458
3 5340
2 5459
2 5460
3 5341
1 5407
3 5342
0 5372
3 5397
2 5505
3 5398
3 5399
0 5422
1 5515
0 5472
2 5608
0 5522
3 5530
1 5624
1 5625
0 5572
2 5692
1 5676
3 5571
1 5680
3 5572
2 5695
1 5681
3 5573
0 5622
2 5721
0 5672
2 5773
1 5777
2 5774
2 5776
1 5778
3 5661
3 5662
0 5723
0 5773
0 5823
2 5896
3 5786
2 5897
3 5787
3 5788
1 5898
1 5899
0 5873
1 5947
3 5851
1 5948
3 5852
2 5956
2 5957
3 5853
2 5958
2 5959
2 5960
0 5923
0 5973
3 5943
3 5944
0 6023
1 6121
0 6072
3 6049
3 6050
0 6122
2 6196
2 6197
3 6092
2 6198
0 6173
2 6245
0 6223
2 6293
3 6192
2 6294
1 6299
1 6300
2 6295
1 6301
3 6193
2 6296
1 6302
3 6194
1 6303
2 6297
0 6273
1 6351
2 6352
3 6252
3 6253
2 6354
0 6324
0 6374
1 6428
3 6344
2 6417
3 6345
1 6429
0 6423
1 6494
2 6485
3 6386
1 6495
0 6473
3 6430
0 6522
0 6572
1 6644
2 6626
0 6622
0 6670
1 6741
1 6742
1 6743
3 6634
0 6720
3 6691
1 6797
1 6798
2 6761
2 6762
2 6763
1 6799
2 6764
1 6800
1 6801
2 6765
0 6771
2 6811
0 6821
3 6786
1 6896
1 6897
2 6871
3 6789
0 6872
1 6944
1 6945
1 6946
2 6914
3 6834
0 6922
3 6880
3 6881
2 6966
3 6884
2 6971
3 6890
2 6979
3 6895
2 6988
3 6902
1 7020
3 6903
0 6983
1 7073
0 7030
0 7080
2 7116
0 7131
2 7167
2 7170
3 7103
1 7244
0 7183
0 7232
1 7330
3 7188
1 7331
3 7189
3 7190
1 7332
1 7333
0 7280
3 7228
2 7328
1 7379
2 7330
0 7330
0 7380
2 7417
3 7332
1 7476
1 7477
0 7430
2 7482
3 7380
3 7381
1 7533
3 7382
2 7483
2 7484
3 7383
0 7480
0 7530
3 7463
2 7571
3 7464
2 7572
2 7573
3 7465
1 7619
3 7466
1 7620
2 7574
1 7621
3 7467
1 7622
0 7580
3 7523
1 7671
1 7672
2 7625
1 7673
1 7674
1 7675
2 7626
0 7630
2 7681
2 7682
0 7680
0 7730
3 7664
2 7784
0 7780
1 7893
2 7854
0 7830
2 7912
2 7913
2 7914
3 7805
2 7915
0 7880
2 7984
1 8036
0 7930
0 7980
3 7946
0 8030
1 8190
2 8140
1 8191
3 7993
0 8080
1 8246
3 8050
2 8196
0 8130
1 8304
1 8305
2 8248
1 8306
0 8180
3 8160
1 8351
1 8352
2 8290
1 8353
0 8230
3 8211
0 8280
2 8379
0 8330
0 8380
3 8341
2 8484
0 8430
2 8548
3 8397
0 8480
3 8446
0 8530
2 8675
0 8580
2 8721
0 8630
0 8679
2 8836
0 8729
1 8944
0 8779
3 8783
1 9006
1 9007
0 8829
2 8992
2 8993
0 8879
2 9027
0 8929
3 8906
2 9083
3 8907
1 9130
1 9131
2 9084
3 8909
0 8980
3 8955
0 9030
3 9000
1 9219
3 9001
3 9002
0 9080
1 9282
1 9283
0 9130
0 9180
2 9352
3 9171
2 9353
1 9382
2 9354
1 9383
3 9172
2 9355
3 9173
2 9357
3 9174
2 9358
1 9384
0 9229
0 9278
2 9440
3 9273
0 9327
3 9335
3 9336
0 9376
1 9589
2 9536
1 9590
2 9537
3 9375
0 9425
3 9411
2 9579
1 9629
1 9630
2 9580
0 9474
0 9522
3 9504
1 9724
0 9571
0 9620
2 9762
0 9669
2 9816
3 9633
3 9634
2 9817
2 9818
1 9863
2 9819
1 9864
1 9865
3 9635
1 9866
0 9718
2 9877
0 9766
1 9971
3 9739
0 9816
3 9789
3 9790
3 9791
1 10024
3 9792
0 9865
3 9857
3 9858
2 10065
3 9859
0 9914
2 10094
3 9895
0 9963
0 10012
0 10061
3 10016
3 10017
1 10227
1 10228
0 10110
2 10243
0 10159
3 10111
1 10319
0 10208
2 10334
1 10366
2 10335
3 10149
3 10150
3 10151
0 10257
2 10380
2 10381
0 10306
1 10445
0 10355
1 10484
0 10404
1 10537
3 10331
1 10538
1 10539
1 10540
1 10541
0 10453
0 10502
2 10597
0 10551
3 10464
0 10600
1 10758
2 10706
3 10505
0 10649
3 10542
2 10764
3 10543
3 10544
0 10697
2 10828
3 10588
2 10829
1 10853
2 10830
1 10854
1 10855
3 10589
1 10856
1 10857
2 10831
2 10832
3 10590
1 10858
3 10591
1 10859
3 10592
2 10833
2 10834
2 10835
2 10836
1 10860
0 10746
2 10861
1 10886
2 10862
0 10793
3 10685
1 10930
2 10905
3 10686
2 10906
1 10931
1 10932
1 10936
2 10910
2 10911
2 10912
1 10937
3 10692
3 10693
0 10842
1 10988
0 10890
2 11018
3 10797
1 11051
2 11021
3 10799
0 10939
3 10854
1 11089
1 11090
2 11078
1 11091
1 11092
3 10855
1 11093
0 10987
3 10895
2 11120
1 11146
0 11035
0 11083
0 11130
0 11178
0 11226
3 11136
0 11272
1 11440
0 11319
3 11240
2 11436
0 11366
2 11477
3 11281
1 11547
0 11413
3 11328
1 11585
2 11518
1 11586
3 11330
2 11521
0 11460
3 11376
3 11377
0 11507
1 11689
0 11554
3 11471
3 11472
0 11601
0 11648
3 11573
1 11811
3 11574
3 11575
0 11695
1 11847
1 11848
2 11809
2 11810
0 11742
2 11854
3 11644
0 11789
3 11689
0 11836
3 11735
1 11957
2 11942
3 11736
0 11882
0 11928
1 12048
3 11839
0 11974
2 12073
0 12020
1 12138
3 11924
1 12139
1 12140
0 12066
1 12189
1 12190
3 11980
3 11981
0 12112
1 12214
3 12021
1 12215
3 12022
3 12023
2 12178
0 12159
3 12070
0 12205
1 12303
2 12264
1 12304
2 12265
1 12305
2 12266
3 12125
0 12251
3 12175
0 12296
0 12342
2 12394
0 12388
1 12503
2 12451
3 12322
3 12323
2 12452
1 12506
0 12436
0 12482
2 12537
2 12538
2 12539
1 12617
3 12417
3 12418
3 12419
0 12528
2 12577
2 12578
1 12670
0 12574
0 12620
1 12783
0 12666
1 12833
3 12622
1 12834
3 12630
3 12631
1 12839
0 12712
3 12667
3 12668
3 12669
1 12874
0 12757
0 12802
1 12968
2 12852
1 12969
1 12970
2 12854
0 12848
3 12806
0 12892
0 12936
0 12980
1 13154
0 13023
2 13049
3 12978
3 12979
0 13067
2 13081
0 13109
1 13270
3 13070
2 13127
1 13274
0 13151
1 13310
2 13158
3 13111
1 13311
0 13194
1 13342
0 13236
1 13381
1 13382
2 13224
0 13278
0 13320
1 13476
2 13319
0 13364
1 13530
3 13314
3 13315
2 13370
3 13316
0 13406
3 13357
1 13574
3 13358
2 13416
3 13375
2 13434
3 13424
3 13425
0 13480
1 13623
3 13426
2 13473
1 13667
2 13515
3 13519
0 13568
2 13557
