0 575
2 589
1 613
1 614
1 615
0 593
1 633
2 612
1 634
2 613
3 606
1 635
1 636
3 607
1 637
0 613
2 633
3 624
3 625
2 634
1 658
0 634
0 655
1 708
0 680
2 701
3 706
3 707
1 729
2 702
3 709
3 711
1 731
2 703
0 705
2 736
1 757
3 733
2 742
0 732
1 777
3 756
2 773
1 788
1 789
3 771
0 763
1 814
0 786
2 821
2 822
0 809
1 866
0 846
2 857
2 858
2 859
1 895
2 882
3 891
1 916
0 900
3 931
3 932
2 922
0 909
1 957
2 957
2 958
0 946
2 980
2 981
1 984
1 996
2 1006
2 1007
3 1016
1 1011
1 1021
0 1017
1 1052
1 1053
1 1054
3 1055
0 1048
2 1100
0 1087
3 1126
3 1127
2 1136
2 1137
1 1128
1 1129
3 1128
3 1129
2 1138
3 1130
2 1140
3 1131
1 1130
0 1127
1 1187
0 1167
2 1227
3 1215
2 1228
2 1229
3 1216
2 1230
1 1230
2 1232
1 1231
0 1211
1 1263
0 1257
2 1310
2 1311
0 1303
2 1350
3 1311
3 1312
0 1350
2 1410
1 1397
1 1398
1 1399
1 1400
3 1378
0 1398
1 1448
3 1426
2 1467
2 1468
0 1448
3 1476
0 1498
2 1552
2 1553
0 1548
3 1575
3 1576
3 1577
2 1593
1 1591
1 1592
2 1594
2 1595
3 1578
2 1596
1 1593
0 1598
3 1622
2 1645
0 1648
3 1664
3 1665
1 1685
0 1698
0 1747
3 1756
2 1785
0 1797
1 1796
3 1820
1 1797
0 1847
1 1861
3 1871
3 1872
3 1876
0 1897
0 1946
2 2001
3 1965
0 1996
3 2019
1 2036
3 2020
0 2046
1 2090
1 2091
1 2096
2 2116
2 2117
1 2097
1 2098
0 2096
3 2131
0 2146
3 2203
0 2196
0 2246
0 2296
1 2314
0 2346
3 2380
1 2353
1 2354
1 2355
3 2381
1 2356
3 2382
3 2383
0 2396
3 2429
2 2457
2 2458
0 2446
2 2500
1 2445
1 2446
3 2486
3 2487
0 2496
0 2546
0 2596
3 2606
1 2562
2 2625
1 2563
3 2607
2 2626
1 2564
2 2627
3 2608
1 2565
0 2646
1 2632
2 2685
0 2696
2 2733
1 2685
0 2746
2 2768
1 2723
0 2796
2 2821
3 2821
3 2822
3 2823
2 2822
0 2846
2 2876
3 2894
3 2895
3 2896
3 2897
2 2877
0 2896
2 2936
0 2946
1 2925
2 3001
2 3002
2 3003
0 2996
1 2991
3 3063
2 3066
2 3067
3 3064
3 3065
2 3068
0 3046
0 3096
2 3170
1 3124
1 3125
2 3171
2 3172
3 3172
1 3126
1 3127
3 3173
2 3173
3 3174
3 3175
0 3147
1 3177
0 3197
1 3216
0 3247
3 3297
2 3306
1 3277
1 3278
1 3279
2 3307
0 3297
1 3338
2 3360
2 3361
2 3362
0 3347
0 3397
0 3447
2 3483
1 3485
3 3472
1 3486
0 3497
3 3510
2 3544
1 3530
1 3531
3 3511
2 3545
0 3548
1 3561
1 3562
3 3550
0 3597
0 3647
1 3675
2 3675
2 3677
3 3663
1 3677
1 3678
1 3680
0 3698
0 3748
3 3761
2 3790
1 3785
2 3792
0 3798
2 3836
1 3832
3 3812
0 3849
1 3874
0 3894
2 3968
0 3944
3 3980
0 3994
0 4044
1 4075
2 4102
2 4103
1 4076
2 4104
0 4094
0 4144
3 4161
2 4208
3 4162
2 4209
0 4194
2 4268
0 4243
3 4264
3 4265
1 4284
0 4293
1 4329
1 4330
1 4331
1 4332
1 4333
1 4334
0 4343
0 4391
1 4443
3 4398
1 4444
0 4438
1 4497
1 4498
0 4485
1 4550
1 4551
0 4535
0 4584
0 4634
2 4690
2 4691
2 4692
3 4630
0 4684
0 4734
0 4784
3 4807
3 4808
0 4836
2 4952
1 4898
1 4899
1 4900
1 4901
2 4953
3 4858
3 4859
2 4954
0 4886
1 4944
3 4911
1 4945
3 4912
1 4946
3 4913
2 4997
1 4947
0 4936
2 5053
2 5054
3 4968
0 4986
3 5017
3 5018
0 5036
2 5148
0 5086
3 5089
3 5090
3 5091
0 5136
3 5147
0 5186
3 5204
2 5317
3 5205
0 5236
1 5317
1 5318
3 5267
0 5286
2 5420
0 5336
0 5386
1 5471
2 5515
1 5472
0 5436
2 5569
1 5533
3 5460
1 5534
1 5535
1 5536
2 5570
1 5537
3 5461
3 5462
1 5538
3 5463
3 5464
3 5465
2 5571
2 5572
3 5466
1 5539
0 5487
3 5505
0 5535
1 5644
2 5670
2 5671
0 5586
1 5692
0 5636
2 5742
1 5745
3 5637
1 5746
2 5743
3 5638
1 5747
0 5687
3 5678
3 5679
1 5789
3 5680
3 5681
0 5737
1 5833
1 5834
0 5787
0 5837
0 5886
3 5871
3 5872
1 5965
0 5936
0 5986
1 6084
1 6085
3 5959
3 5960
0 6035
3 6015
2 6127
2 6128
3 6016
3 6017
1 6135
1 6136
3 6018
2 6129
0 6085
3 6061
2 6171
0 6135
0 6185
1 6259
1 6260
3 6157
2 6253
2 6254
2 6255
1 6262
1 6263
3 6159
1 6264
1 6265
3 6160
1 6267
1 6268
3 6161
1 6269
3 6162
0 6238
3 6217
0 6288
2 6365
3 6267
0 6338
1 6395
1 6396
3 6303
2 6396
2 6397
2 6398
0 6389
0 6435
3 6406
1 6508
0 6484
0 6532
3 6501
2 6589
2 6591
3 6507
2 6592
1 6600
1 6601
1 6602
0 6586
3 6553
3 6554
3 6555
1 6661
0 6636
3 6595
2 6682
1 6709
1 6710
2 6685
3 6606
0 6689
2 6732
3 6654
2 6733
2 6734
0 6739
3 6705
0 6789
1 6869
2 6836
0 6836
3 6793
3 6794
3 6795
2 6883
1 6911
0 6886
2 6929
3 6842
3 6843
1 6959
2 6930
3 6844
0 6936
3 6900
3 6901
0 6981
1 7071
3 6967
1 7074
0 7031
1 7121
1 7122
0 7081
3 7048
3 7049
1 7184
1 7185
1 7186
0 7130
2 7166
1 7233
0 7179
3 7140
0 7229
0 7279
3 7225
3 7226
2 7323
2 7327
1 7375
1 7376
3 7232
2 7331
1 7380
2 7333
1 7381
3 7234
0 7332
0 7382
3 7334
0 7431
2 7485
1 7534
1 7535
3 7384
2 7486
2 7487
3 7385
2 7488
0 7481
3 7411
3 7412
2 7530
1 7577
2 7531
0 7531
2 7575
1 7623
2 7576
0 7581
0 7631
2 7683
1 7719
2 7684
3 7571
1 7720
2 7685
1 7721
2 7686
2 7687
3 7572
1 7722
0 7681
2 7729
3 7605
2 7730
2 7731
1 7777
1 7778
0 7731
1 7831
2 7785
1 7832
3 7665
1 7833
2 7786
2 7787
0 7781
3 7740
0 7831
1 7959
2 7916
2 7917
0 7881
0 7931
2 8035
2 8036
3 7907
0 7981
2 8089
1 8146
3 7947
2 8090
0 8031
3 7994
1 8192
0 8081
2 8197
2 8198
3 8051
1 8247
0 8131
0 8181
1 8354
2 8291
2 8292
1 8355
3 8161
1 8356
0 8231
0 8281
1 8441
0 8331
1 8489
1 8490
3 8294
2 8428
2 8429
1 8491
0 8381
3 8342
0 8431
3 8398
3 8399
1 8590
1 8591
0 8481
3 8447
3 8448
1 8663
2 8613
1 8664
2 8614
2 8615
1 8665
0 8531
3 8506
0 8581
3 8575
2 8722
1 8775
0 8631
2 8796
2 8797
0 8681
3 8666
0 8731
0 8781
3 8784
0 8831
2 8994
2 8995
3 8823
0 8881
1 9088
1 9089
0 8931
0 8981
0 9031
1 9220
1 9221
1 9222
3 9003
2 9198
0 9081
3 9065
2 9246
2 9247
0 9132
2 9301
2 9302
0 9182
3 9175
3 9176
0 9230
0 9279
1 9474
3 9274
0 9328
3 9337
3 9338
2 9503
0 9377
2 9538
0 9426
1 9631
3 9412
1 9632
2 9581
1 9633
1 9634
1 9635
1 9636
0 9475
1 9681
3 9452
2 9623
3 9453
2 9624
1 9682
3 9454
3 9455
3 9457
0 9526
0 9575
2 9717
2 9718
0 9623
1 9816
2 9764
0 9672
3 9636
1 9868
0 9721
3 9695
0 9770
3 9750
3 9751
1 9976
0 9819
1 10026
0 9868
1 10086
1 10087
0 9917
1 10120
0 9966
3 9943
2 10135
2 10136
2 10137
0 10014
3 9969
0 10063
2 10208
0 10112
2 10245
1 10260
0 10161
0 10210
3 10152
2 10336
2 10337
0 10259
3 10197
0 10307
0 10356
1 10485
0 10405
2 10508
2 10509
2 10510
0 10454
0 10503
2 10598
3 10410
1 10632
1 10633
3 10411
3 10412
3 10413
3 10414
0 10553
3 10465
1 10710
3 10466
2 10655
0 10602
1 10761
0 10651
2 10765
2 10766
0 10699
2 10837
3 10593
3 10594
3 10595
0 10747
1 10892
3 10628
2 10867
3 10629
3 10630
2 10868
2 10869
2 10870
2 10873
1 10893
0 10795
2 10913
3 10694
2 10914
0 10843
3 10738
1 10989
2 10959
3 10739
2 10960
1 10990
1 10991
3 10740
3 10741
1 10992
0 10891
2 11019
2 11020
3 10798
0 10938
3 10853
1 11088
0 10986
3 10893
1 11143
1 11144
3 10894
1 11145
0 11034
2 11158
0 11082
1 11239
2 11203
2 11204
3 10996
1 11240
3 10997
2 11205
2 11206
1 11241
1 11242
0 11131
0 11179
2 11294
3 11084
1 11333
3 11085
0 11227
1 11385
3 11137
1 11386
2 11339
1 11387
3 11138
3 11139
2 11340
1 11388
0 11274
3 11188
2 11386
2 11387
0 11321
0 11368
1 11548
2 11478
0 11415
0 11462
0 11509
2 11626
0 11556
2 11672
3 11473
1 11734
2 11673
2 11674
0 11603
1 11772
3 11521
2 11723
0 11650
3 11576
0 11697
2 11813
2 11814
3 11614
2 11815
0 11745
2 11855
3 11645
1 11882
3 11646
2 11856
1 11883
3 11647
3 11648
3 11649
0 11792
1 11922
2 11900
2 11901
2 11902
1 11923
1 11924
2 11903
2 11904
2 11905
1 11925
3 11691
0 11839
1 11960
1 11961
2 11947
3 11738
1 11962
2 11948
3 11739
3 11740
1 11963
2 11950
1 11964
3 11741
3 11742
2 11951
0 11885
3 11785
1 12003
3 11786
1 12004
1 12005
0 11931
0 11977
3 11878
3 11879
0 12023
3 11928
1 12144
1 12145
2 12109
1 12146
2 12110
2 12111
3 11929
0 12071
0 12116
2 12181
2 12182
0 12161
2 12217
2 12218
2 12219
2 12220
1 12259
0 12207
2 12268
1 12306
1 12307
0 12253
0 12299
2 12345
1 12395
0 12345
1 12451
3 12282
0 12391
1 12507
2 12453
0 12438
0 12484
0 12530
1 12671
0 12576
1 12718
1 12719
0 12622
3 12573
0 12668
2 12727
0 12714
1 12879
2 12770
0 12760
3 12720
2 12810
0 12805
2 12856
2 12857
0 12849
0 12894
2 12939
1 13062
3 12850
1 13066
2 12941
0 12939
3 12885
1 13119
0 12982
3 12930
1 13155
3 12931
3 12932
0 13026
0 13071
1 13233
2 13091
1 13235
3 13044
1 13236
3 13045
2 13095
0 13120
0 13158
1 13316
0 13200
3 13151
0 13243
2 13232
0 13285
2 13284
2 13285
0 13328
3 13282
2 13329
0 13371
2 13378
2 13382
3 13332
1 13545
0 13416
3 13362
0 13445
3 13395
1 13598
2 13449
1 13639
2 13491
2 13533
3 13539
2 13575
2 13616
3 13600
0 13688
3 13601
3 13602
0 13689
3 13603
2 13657
3 13643
3 13644
3 13645
0 13731
2 13698
2 13737
0 13822
3 13731
1 13943
1 13944
2 13776
1 13974
0 13878
1 13975
1 13976
3 13755
2 13816
2 13855
3 13836
1 14067
3 13837
3 13838
3 13839
2 13894
1 14105
1 14106
3 13883
0 13987
0 13988
3 13884
2 13933
2 13970
3 13933
1 14181
3 13934
2 14007
1 14216
3 13962
2 14044
2 14081
2 14117
2 14153
0 14267
2 14188
0 14314
2 14221
3 14242
1 14451
1 14452
3 14243
3 14244
2 14253
1 14487
2 14284
0 14447
2 14315
1 14530
2 14345
2 14374
3 14396
3 14397
1 14581
3 14398
3 14399
2 14404
1 14603
1 14604
3 14422
2 14433
1 14633
2 14461
3 14468
2 14490
1 14667
