0 1209
0 1255
3 1277
0 1301
2 1348
3 1310
0 1347
0 1395
0 1445
0 1494
3 1516
3 1517
0 1544
2 1588
2 1589
1 1587
3 1568
2 1590
1 1588
2 1591
3 1569
1 1589
3 1570
0 1594
3 1619
3 1620
3 1621
0 1645
0 1695
2 1733
2 1734
0 1745
1 1757
0 1795
0 1845
0 1895
1 1920
2 1938
2 1939
3 1907
2 1940
3 1908
2 1941
1 1921
2 1942
1 1922
2 1943
3 1909
1 1923
2 1944
0 1947
3 1966
1 1982
2 2002
3 1967
3 1968
2 2003
1 1983
0 1997
1 2037
2 2054
1 2038
0 2047
1 2092
1 2093
3 2075
1 2094
3 2076
3 2077
3 2078
1 2095
3 2079
3 2080
1 2099
2 2118
3 2081
0 2097
2 2160
0 2147
1 2194
0 2197
0 2247
1 2275
2 2311
0 2297
3 2333
2 2364
2 2365
2 2366
2 2367
0 2347
1 2357
2 2415
2 2416
2 2417
3 2384
0 2397
1 2404
3 2430
2 2459
0 2447
2 2501
0 2497
2 2554
0 2547
0 2597
3 2609
2 2628
3 2610
2 2631
3 2611
0 2648
3 2677
0 2698
0 2748
1 2725
1 2726
0 2798
3 2825
1 2775
1 2776
0 2848
3 2899
3 2900
1 2833
3 2901
3 2902
2 2882
2 2883
2 2884
0 2898
3 2966
1 2880
2 2937
0 2948
2 3006
1 2929
3 3017
1 2930
0 2997
2 3069
1 2992
0 3047
3 3111
0 3097
0 3146
0 3196
2 3246
2 3247
1 3215
3 3259
0 3246
1 3274
1 3275
1 3276
0 3296
1 3337
0 3346
0 3396
2 3441
2 3442
3 3420
1 3432
1 3433
1 3434
0 3446
0 3494
0 3544
2 3580
3 3549
0 3596
0 3646
2 3671
3 3660
2 3672
1 3667
1 3668
1 3669
3 3661
1 3670
1 3671
1 3672
1 3673
2 3673
3 3662
0 3696
2 3729
3 3714
0 3746
3 3759
1 3782
3 3760
1 3783
2 3788
3 3762
2 3791
0 3797
3 3808
1 3830
0 3846
2 3902
2 3909
0 3904
3 3934
1 3937
3 3935
2 3983
2 3984
3 3936
0 3954
0 4004
1 4042
2 4070
1 4043
2 4071
1 4044
3 4030
1 4045
2 4072
0 4054
2 4113
1 4086
1 4087
0 4104
3 4112
1 4133
0 4154
2 4222
3 4172
1 4183
3 4173
2 4223
2 4224
2 4225
1 4185
0 4204
1 4240
1 4241
3 4222
1 4242
2 4280
3 4223
3 4224
2 4281
3 4225
1 4243
1 4244
3 4226
0 4254
0 4304
1 4343
0 4353
1 4390
1 4391
0 4403
3 4421
3 4422
3 4423
2 4451
1 4457
0 4453
3 4465
1 4509
2 4512
2 4514
1 4512
3 4470
0 4504
1 4569
3 4508
2 4575
0 4554
1 4618
0 4604
0 4653
1 4708
2 4723
0 4703
3 4718
1 4764
0 4753
1 4810
3 4772
2 4853
3 4773
1 4811
3 4774
2 4854
3 4775
3 4776
3 4777
0 4803
1 4858
0 4853
0 4903
0 4952
2 5064
1 5015
2 5065
1 5016
2 5066
3 4985
2 5068
1 5020
1 5021
2 5069
3 4986
1 5022
2 5070
3 4987
3 4988
0 5003
1 5059
1 5060
0 5053
3 5060
3 5061
2 5161
2 5162
3 5062
1 5092
0 5103
1 5151
2 5211
2 5212
2 5216
3 5116
3 5117
1 5155
1 5156
2 5217
2 5218
3 5118
2 5219
0 5154
1 5203
2 5265
2 5270
1 5207
3 5162
0 5205
1 5274
2 5331
2 5332
0 5255
2 5385
1 5340
2 5386
2 5387
0 5306
0 5356
0 5406
2 5545
3 5430
3 5431
0 5456
1 5569
2 5592
2 5593
1 5570
1 5571
2 5594
0 5506
0 5556
0 5606
3 5595
3 5596
1 5707
0 5655
2 5753
0 5705
2 5808
3 5693
3 5694
0 5755
0 5805
0 5855
2 5934
0 5905
3 5890
2 5990
2 5991
2 5992
2 5993
2 5994
1 5987
0 5956
1 6039
0 6005
3 5979
2 6093
1 6110
0 6055
2 6149
2 6150
2 6151
1 6149
3 6036
0 6106
3 6080
3 6081
3 6082
1 6190
2 6189
3 6083
1 6191
0 6156
2 6228
3 6130
0 6207
2 6274
3 6179
1 6286
1 6287
3 6180
1 6288
0 6257
3 6231
2 6330
2 6331
2 6332
3 6232
3 6233
2 6333
3 6234
2 6334
1 6331
1 6332
3 6235
2 6335
3 6236
0 6307
2 6375
2 6377
0 6357
0 6407
0 6453
3 6416
2 6521
0 6503
3 6459
0 6553
0 6602
1 6672
2 6644
0 6653
0 6703
1 6780
2 6752
0 6752
0 6802
2 6855
0 6855
3 6815
0 6904
1 6976
1 6977
3 6863
2 6946
0 6955
1 7041
3 6926
3 6927
0 7002
3 6983
2 7060
1 7093
3 6984
3 6985
0 7052
3 7027
1 7151
1 7152
2 7100
0 7102
2 7129
2 7130
0 7152
0 7202
2 7242
2 7243
0 7253
1 7352
1 7353
1 7354
2 7297
2 7298
2 7299
0 7303
0 7353
3 7297
3 7298
3 7299
3 7300
0 7403
2 7440
0 7453
3 7400
0 7503
0 7553
3 7493
0 7603
2 7644
3 7534
1 7695
3 7535
3 7536
1 7696
0 7653
1 7751
0 7703
0 7752
1 7855
3 7696
3 7697
0 7801
1 7919
2 7879
0 7851
2 7944
2 7945
1 7985
1 7986
3 7828
1 7987
2 7946
3 7829
0 7901
1 8059
1 8060
2 8003
2 8004
0 7951
1 8110
1 8111
1 8112
3 7920
1 8113
2 8055
3 7921
0 8001
3 7967
3 7968
2 8114
2 8115
1 8163
1 8164
2 8116
0 8051
0 8101
3 8078
3 8079
0 8151
2 8264
1 8323
3 8133
0 8201
3 8177
0 8251
1 8412
0 8301
0 8351
1 8512
1 8513
2 8449
1 8514
1 8515
2 8450
2 8451
2 8452
3 8313
3 8314
2 8453
1 8516
2 8454
2 8455
3 8315
2 8457
3 8318
0 8403
3 8365
3 8366
3 8367
2 8512
2 8513
3 8368
1 8560
0 8453
3 8414
3 8415
2 8572
0 8503
3 8473
1 8689
2 8644
2 8645
2 8646
1 8690
0 8553
0 8603
3 8604
1 8800
0 8653
1 8860
3 8647
0 8703
0 8752
2 8926
2 8927
3 8757
1 8976
1 8977
0 8802
0 8852
3 8836
2 9011
3 8837
1 9068
3 8838
1 9069
2 9012
1 9070
2 9013
3 8839
3 8840
2 9014
2 9015
0 8903
3 8870
0 8953
2 9105
1 9141
2 9106
2 9107
3 8922
1 9142
2 9108
3 8923
2 9110
0 9004
0 9054
2 9217
2 9218
1 9248
2 9219
3 9037
3 9038
1 9249
0 9104
2 9268
1 9304
2 9269
2 9270
3 9088
3 9089
0 9154
0 9204
1 9405
3 9199
0 9253
1 9447
3 9248
2 9417
2 9418
3 9249
1 9448
2 9419
1 9449
3 9250
3 9251
0 9302
2 9467
1 9502
1 9508
0 9351
1 9573
2 9519
3 9360
0 9400
2 9560
2 9561
0 9449
1 9653
0 9497
2 9651
3 9485
1 9705
0 9546
2 9688
1 9747
3 9528
1 9748
1 9749
2 9689
1 9750
3 9529
1 9751
2 9692
3 9534
2 9693
3 9535
0 9595
1 9791
1 9792
0 9644
3 9610
2 9786
0 9692
2 9849
1 9898
1 9899
0 9741
2 9899
2 9900
1 9938
2 9901
2 9902
1 9939
2 9903
0 9790
1 9996
2 9971
0 9840
3 9832
2 10040
0 9889
2 10076
0 9938
2 10119
2 10120
0 9987
2 10147
0 10036
1 10200
1 10201
1 10202
3 9985
0 10085
0 10134
3 10082
1 10282
1 10283
3 10083
1 10284
3 10084
0 10183
3 10131
1 10338
2 10306
2 10307
3 10132
2 10308
0 10232
0 10281
3 10218
3 10219
0 10330
2 10435
2 10436
1 10459
0 10380
3 10302
3 10303
0 10429
0 10478
3 10390
1 10615
2 10581
0 10527
1 10665
2 10621
1 10666
3 10433
2 10622
2 10623
3 10434
0 10576
2 10681
2 10682
0 10625
3 10520
2 10743
3 10521
3 10522
0 10673
0 10721
1 10873
0 10769
3 10659
0 10817
0 10865
2 10976
0 10913
3 10821
2 11040
1 11071
3 10822
2 11041
1 11072
0 10961
0 11009
0 11057
0 11105
3 11017
0 11153
1 11309
1 11310
0 11201
0 11249
1 11424
1 11425
3 11166
0 11296
1 11470
0 11342
2 11450
1 11514
0 11389
1 11563
3 11304
0 11436
1 11616
1 11617
3 11349
1 11618
1 11619
0 11483
0 11530
3 11451
1 11713
0 11577
3 11493
3 11494
3 11495
2 11694
3 11496
1 11745
2 11695
1 11746
2 11696
0 11623
3 11539
2 11738
3 11540
1 11785
2 11739
2 11740
1 11786
2 11741
2 11742
2 11743
3 11541
2 11744
2 11745
0 11670
3 11591
1 11827
1 11828
0 11717
2 11827
2 11828
1 11860
2 11829
3 11629
0 11764
0 11812
0 11859
0 11905
1 12020
0 11951
1 12061
2 12051
0 11997
2 12091
0 12043
3 11959
3 11960
2 12128
2 12129
3 11962
1 12168
1 12169
2 12130
0 12091
1 12205
3 12002
2 12167
0 12137
2 12204
3 12051
0 12183
2 12234
0 12229
2 12282
1 12325
0 12275
0 12321
1 12412
3 12249
3 12250
1 12413
0 12367
1 12477
0 12413
3 12343
1 12528
2 12476
0 12458
1 12582
0 12504
3 12432
0 12550
0 12596
1 12753
3 12535
3 12536
2 12654
3 12537
3 12538
0 12643
1 12815
0 12689
3 12646
0 12734
3 12682
3 12683
2 12787
1 12905
3 12684
1 12906
1 12907
2 12788
3 12685
2 12789
3 12686
0 12779
3 12737
0 12824
2 12869
1 12992
3 12783
2 12870
2 12871
3 12784
0 12869
2 12909
3 12825
3 12826
3 12827
3 12829
2 12910
1 13038
1 13039
2 12911
1 13041
1 13042
1 13043
1 13044
3 12831
0 12914
1 13089
1 13091
3 12868
1 13092
1 13093
1 13094
0 12960
1 13135
2 12992
3 12908
3 12909
2 12993
1 13136
1 13137
3 12910
1 13138
0 13004
0 13048
1 13214
1 13215
2 13065
3 13007
3 13008
1 13216
0 13091
3 13057
2 13108
0 13136
1 13297
0 13178
0 13221
3 13166
2 13210
3 13167
1 13361
3 13168
3 13169
2 13213
3 13173
1 13363
1 13364
2 13214
1 13365
0 13265
0 13306
0 13349
1 13513
3 13300
2 13351
0 13391
1 13561
0 13429
3 13374
2 13433
3 13419
1 13617
0 13476
2 13470
1 13658
1 13659
3 13459
3 13460
1 13660
3 13461
1 13661
1 13662
3 13462
0 13519
3 13463
1 13663
1 13664
3 13464
3 13465
2 13512
0 13562
2 13554
3 13548
1 13741
0 13604
3 13549
0 13605
0 13606
2 13596
1 13793
0 13659
1 13795
2 13637
1 13829
2 13678
3 13669
0 13752
1 13879
0 13753
3 13670
0 13754
0 13755
3 13671
1 13880
2 13718
1 13905
3 13703
1 13906
1 13907
2 13757
2 13796
1 13995
0 13893
1 13996
2 13834
1 14040
1 14041
2 13874
3 13855
2 13911
2 13949
3 13918
3 13919
0 14039
3 13920
1 14153
2 13985
2 14022
2 14059
0 14161
3 14037
0 14162
0 14163
3 14038
0 14164
1 14272
0 14165
1 14273
2 14095
3 14094
1 14313
0 14203
0 14204
1 14314
1 14315
0 14205
2 14131
3 14124
0 14225
0 14226
3 14125
1 14339
0 14227
2 14167
0 14282
2 14201
2 14235
1 14467
0 14376
0 14377
3 14257
1 14468
0 14378
1 14469
3 14260
2 14266
0 14417
0 14418
2 14296
0 14452
0 14453
3 14326
1 14515
3 14327
2 14327
1 14540
3 14348
0 14470
2 14357
0 14496
0 14497
1 14561
0 14498
1 14562
0 14499
3 14369
1 14563
0 14501
1 14564
1 14565
3 14371
3 14372
3 14373
0 14502
3 14374
3 14375
1 14566
1 14567
3 14376
2 14388
1 14593
3 14411
2 14418
0 14553
2 14446
0 14568
0 14569
1 14638
2 14475
3 14472
2 14504
0 14630
2 14531
1 14697
1 14698
2 14555
2 14579
1 14743
0 14712
1 14744
1 14745
0 14713
1 14746
1 14747
2 14603
1 14760
1 14761
2 14626
3 14592
2 14648
0 14788
0 14789
3 14615
2 14669
3 14648
3 14650
3 14651
0 14816
2 14692
1 14859
2 14711
0 14856
2 14729
3 14695
1 14878
0 14871
