0 637
3 655
2 662
0 660
0 682
0 704
0 725
3 752
0 746
2 781
1 798
3 782
3 783
2 782
0 773
1 834
0 799
1 858
0 832
1 886
3 879
1 904
3 904
1 925
3 928
0 907
2 933
3 942
2 934
1 956
0 945
0 972
2 1000
2 1001
3 1006
1 1003
3 1017
2 1009
2 1010
0 1004
2 1040
1 1044
1 1048
3 1049
3 1050
2 1057
3 1058
1 1056
3 1059
1 1060
2 1068
2 1072
2 1077
2 1084
2 1090
2 1093
0 1079
2 1127
3 1122
1 1120
3 1123
2 1129
1 1122
2 1130
0 1118
1 1179
2 1172
2 1173
3 1171
3 1172
3 1173
0 1158
2 1207
0 1201
0 1246
0 1292
3 1302
1 1334
2 1344
1 1335
2 1345
3 1303
0 1338
0 1385
1 1434
3 1412
2 1449
3 1413
1 1435
3 1414
2 1450
2 1451
2 1452
0 1436
0 1486
1 1525
0 1536
3 1555
0 1586
3 1611
2 1636
1 1629
3 1612
3 1613
1 1630
3 1614
3 1615
2 1637
1 1631
0 1636
2 1683
1 1677
3 1650
3 1651
2 1684
0 1686
3 1697
0 1736
3 1745
0 1786
3 1809
2 1825
2 1826
2 1827
1 1787
3 1810
1 1788
2 1828
1 1789
2 1829
0 1836
3 1862
2 1873
2 1875
2 1876
0 1886
2 1921
3 1895
2 1922
0 1936
2 1990
1 1975
1 1976
3 1961
1 1977
1 1978
1 1979
2 1991
2 1992
2 1993
1 1980
2 1994
0 1986
1 2018
0 2036
0 2086
1 2138
0 2136
0 2186
0 2236
3 2283
3 2284
2 2306
0 2286
3 2328
1 2306
0 2336
3 2370
1 2346
0 2387
0 2437
0 2487
2 2544
2 2545
1 2483
1 2484
1 2485
0 2537
1 2527
2 2579
0 2587
3 2603
0 2637
0 2687
2 2723
1 2672
3 2714
2 2724
2 2725
2 2726
1 2673
3 2715
3 2716
1 2674
0 2737
0 2787
3 2808
2 2809
1 2759
1 2760
3 2809
2 2810
1 2761
0 2837
1 2827
2 2872
0 2888
3 2945
1 2869
1 2870
1 2871
0 2938
2 2995
1 2916
0 2988
2 3062
0 3038
1 3027
0 3088
2 3160
3 3161
0 3137
0 3187
0 3237
0 3287
2 3352
0 3337
0 3387
0 3437
2 3472
1 3474
2 3473
3 3456
0 3487
2 3536
2 3537
2 3538
1 3528
0 3537
0 3587
0 3637
3 3645
1 3646
0 3687
3 3701
3 3702
1 3716
1 3717
3 3703
3 3704
2 3719
2 3720
2 3721
1 3718
1 3719
2 3722
2 3723
3 3705
2 3724
1 3720
0 3738
3 3756
0 3787
0 3836
1 3865
3 3853
3 3854
0 3881
2 3956
3 3907
3 3908
0 3931
2 4016
0 3981
2 4047
1 4008
1 4009
1 4010
3 4008
1 4011
2 4050
3 4009
2 4051
0 4031
1 4065
2 4096
0 4081
1 4112
1 4113
3 4092
3 4093
1 4115
0 4131
3 4148
3 4149
1 4162
1 4163
3 4150
3 4151
3 4152
1 4164
0 4181
3 4202
0 4231
0 4281
1 4320
0 4331
1 4373
2 4380
3 4324
3 4325
0 4381
1 4428
3 4386
3 4387
1 4430
1 4431
0 4431
1 4491
2 4485
2 4487
0 4481
2 4553
1 4546
3 4490
1 4547
0 4531
1 4586
0 4581
3 4587
3 4588
0 4631
3 4628
0 4681
3 4692
3 4693
1 4744
1 4747
2 4765
3 4695
3 4696
2 4766
3 4697
0 4732
0 4782
1 4837
2 4880
1 4838
1 4839
0 4832
0 4882
1 4933
0 4932
3 4964
0 4982
1 5051
0 5032
0 5082
0 5132
2 5250
1 5183
0 5182
2 5310
1 5249
0 5232
0 5282
2 5414
2 5415
1 5373
2 5416
1 5374
2 5417
0 5332
0 5382
0 5432
1 5528
0 5482
1 5601
3 5502
0 5532
3 5540
0 5582
1 5687
1 5688
0 5631
3 5627
1 5738
1 5739
2 5738
3 5628
3 5629
3 5630
0 5681
1 5786
1 5787
3 5669
3 5670
3 5671
2 5786
0 5732
0 5782
1 5862
0 5832
3 5800
1 5907
3 5801
2 5913
2 5914
0 5882
1 5958
1 5959
2 5969
1 5960
2 5970
1 5961
2 5971
0 5932
2 6023
0 5983
0 6033
2 6122
3 6008
2 6124
1 6129
2 6125
3 6009
3 6010
1 6130
1 6131
1 6132
2 6126
1 6133
3 6011
1 6134
0 6083
3 6058
1 6168
1 6169
2 6170
3 6059
0 6133
3 6106
0 6183
3 6155
0 6233
1 6314
2 6308
0 6283
2 6358
1 6354
1 6355
0 6333
0 6382
1 6441
3 6355
2 6421
2 6422
2 6425
1 6444
1 6445
2 6428
2 6433
1 6457
2 6436
1 6461
3 6362
0 6438
0 6488
2 6555
0 6539
2 6595
1 6604
0 6589
3 6557
1 6663
3 6558
0 6639
1 6711
1 6712
0 6686
1 6762
3 6652
1 6763
0 6736
3 6703
2 6778
3 6704
2 6779
0 6786
1 6862
2 6829
2 6833
2 6838
2 6843
1 6877
2 6846
2 6848
3 6762
1 6879
3 6763
2 6851
0 6848
0 6898
3 6856
1 6970
3 6857
0 6949
1 7032
0 6994
2 7051
2 7052
2 7053
2 7054
1 7085
0 7046
3 7023
1 7144
0 7097
3 7056
0 7147
0 7196
2 7235
3 7152
3 7153
0 7246
1 7348
1 7349
2 7292
3 7205
0 7296
2 7339
0 7346
1 7440
3 7291
2 7376
2 7377
2 7378
1 7441
0 7396
3 7346
2 7430
1 7491
2 7431
1 7492
3 7347
3 7348
1 7493
3 7349
0 7447
1 7550
1 7551
0 7496
3 7426
2 7548
3 7427
2 7549
1 7589
0 7547
1 7646
1 7647
3 7489
0 7597
0 7645
2 7699
1 7737
2 7700
2 7701
1 7740
3 7579
1 7741
2 7702
3 7580
0 7696
1 7793
3 7621
1 7794
2 7742
0 7746
0 7796
2 7868
1 7912
0 7846
3 7818
3 7819
0 7896
0 7946
3 7916
1 8102
1 8103
1 8104
1 8105
3 7917
2 8049
0 7996
3 7960
3 7961
0 8046
2 8152
2 8153
0 8096
1 8261
1 8262
1 8263
3 8065
3 8066
1 8264
2 8216
2 8217
3 8067
2 8218
3 8068
1 8265
0 8146
1 8319
3 8130
0 8196
3 8170
2 8299
3 8171
2 8300
0 8246
2 8349
1 8409
1 8410
0 8296
3 8265
1 8458
2 8399
3 8266
2 8400
0 8346
0 8396
3 8360
2 8503
1 8555
1 8556
2 8504
3 8361
0 8446
1 8609
0 8496
2 8631
3 8463
0 8545
0 8594
1 8781
3 8580
3 8581
1 8782
1 8787
2 8739
3 8588
2 8740
2 8741
1 8788
2 8742
2 8743
3 8589
1 8789
2 8744
2 8745
2 8746
2 8747
0 8646
1 8842
3 8637
0 8696
2 8856
3 8680
2 8857
3 8681
2 8858
3 8682
3 8683
3 8684
3 8685
2 8859
2 8860
2 8861
1 8905
0 8746
0 8796
0 8846
1 9059
2 9010
1 9061
1 9062
3 8834
3 8835
0 8897
1 9096
1 9097
1 9098
2 9043
2 9044
1 9099
3 8863
2 9046
0 8947
2 9096
0 8997
2 9151
1 9174
0 9047
3 9031
3 9032
0 9096
2 9258
2 9259
2 9260
3 9078
2 9261
2 9262
0 9146
2 9314
0 9196
1 9400
0 9245
1 9440
3 9241
3 9242
0 9295
1 9490
1 9491
3 9292
2 9460
2 9461
2 9462
2 9463
0 9344
1 9568
1 9569
2 9513
0 9393
0 9442
3 9423
1 9647
2 9589
1 9648
1 9649
0 9490
0 9539
0 9588
0 9637
3 9593
1 9829
0 9687
0 9736
3 9708
1 9931
1 9932
2 9893
3 9709
1 9933
3 9710
0 9785
2 9965
2 9966
0 9834
3 9827
1 10055
1 10056
0 9883
3 9865
1 10093
2 10069
2 10070
0 9932
3 9918
2 10117
0 9981
0 10030
0 10079
0 10128
0 10177
1 10329
1 10330
2 10301
1 10331
1 10332
0 10226
2 10360
1 10383
1 10384
2 10361
3 10174
0 10275
0 10324
0 10372
3 10296
3 10297
1 10505
0 10421
0 10470
0 10519
0 10568
0 10617
2 10717
1 10773
2 10718
3 10513
1 10774
1 10775
2 10719
1 10776
2 10720
2 10721
1 10777
2 10722
0 10665
1 10810
2 10775
3 10558
2 10776
1 10811
3 10559
0 10713
0 10761
2 10884
2 10885
1 10902
3 10646
3 10647
3 10648
0 10809
2 10927
2 10928
3 10701
1 10950
3 10703
3 10704
1 10952
0 10858
3 10756
1 11015
1 11016
0 10906
2 11032
0 10954
3 10869
2 11091
3 10870
2 11092
1 11110
1 11111
1 11112
1 11113
1 11114
1 11115
2 11093
1 11116
2 11094
3 10871
0 11004
3 10916
2 11130
0 11051
2 11172
1 11209
2 11173
2 11174
1 11210
3 10967
2 11175
3 10968
2 11176
3 10969
3 10970
1 11211
0 11100
1 11263
3 11011
3 11012
2 11224
1 11264
1 11265
3 11013
3 11014
1 11266
2 11225
2 11226
1 11267
0 11148
0 11196
0 11244
1 11413
1 11414
1 11415
0 11291
2 11413
2 11414
0 11338
0 11385
0 11432
0 11479
0 11526
3 11447
0 11573
0 11620
2 11733
0 11667
1 11823
1 11824
2 11786
3 11590
2 11787
1 11825
1 11826
2 11788
0 11714
1 11858
3 11625
2 11823
3 11626
0 11762
0 11809
1 11936
2 11915
0 11856
0 11902
0 11948
3 11851
1 12060
0 11994
3 11901
0 12040
0 12086
0 12132
0 12178
1 12270
0 12224
0 12270
1 12378
0 12316
3 12244
3 12245
1 12408
3 12246
3 12247
3 12248
1 12409
0 12362
1 12473
3 12297
1 12474
2 12420
0 12408
1 12525
2 12472
0 12454
0 12500
0 12546
1 12693
0 12592
1 12738
3 12525
2 12642
2 12643
2 12644
1 12739
2 12645
2 12646
2 12647
2 12648
3 12526
1 12740
1 12741
3 12527
1 12742
0 12638
2 12690
1 12808
2 12691
0 12684
2 12742
2 12743
0 12729
2 12778
1 12892
1 12893
3 12676
1 12894
1 12895
1 12896
2 12779
3 12677
2 12780
2 12781
2 12782
1 12899
2 12783
3 12678
2 12784
3 12679
2 12785
0 12774
3 12732
0 12820
2 12867
1 12988
0 12865
2 12905
3 12822
0 12909
3 12863
3 12864
2 12953
1 13083
1 13084
0 12953
2 12987
2 12988
0 12997
3 12945
3 12946
1 13167
3 12947
1 13168
1 13169
3 12948
3 12949
0 13042
3 13004
3 13005
3 13006
0 13085
1 13242
2 13102
1 13244
1 13245
2 13109
1 13256
1 13257
1 13259
1 13260
0 13138
1 13298
0 13181
2 13179
3 13133
3 13134
0 13224
0 13266
2 13266
0 13309
1 13455
2 13305
2 13310
1 13471
1 13472
2 13316
3 13277
1 13475
1 13477
3 13278
1 13478
1 13479
0 13361
3 13310
0 13402
1 13568
0 13437
1 13590
0 13458
0 13470
0 13478
2 13471
1 13665
3 13466
1 13666
3 13467
0 13520
3 13468
2 13513
3 13509
3 13510
0 13563
3 13511
1 13708
0 13564
2 13555
0 13608
0 13609
2 13598
0 13661
3 13575
1 13796
3 13576
1 13797
0 13662
3 13577
2 13638
2 13679
2 13719
3 13704
1 13908
1 13909
0 13795
2 13758
3 13746
0 13851
2 13797
3 13779
1 13998
3 13780
1 13999
1 14000
2 13837
0 13937
1 14043
3 13812
2 13875
1 14088
2 13913
0 13998
3 13895
3 13896
3 13897
1 14119
0 13999
1 14120
0 14000
2 13951
3 13922
1 14159
1 14160
0 14045
1 14161
1 14162
1 14163
2 13989
2 14026
3 13984
1 14237
3 13985
1 14238
1 14239
2 14063
1 14276
0 14166
3 14039
3 14042
1 14277
0 14167
3 14043
3 14044
1 14278
0 14168
3 14045
3 14046
3 14047
1 14279
3 14048
3 14049
3 14050
1 14280
2 14099
3 14100
0 14208
3 14101
3 14102
2 14135
1 14341
1 14342
1 14343
3 14132
0 14235
1 14344
0 14236
1 14345
1 14346
3 14133
3 14134
1 14347
0 14237
3 14135
2 14171
2 14207
0 14336
0 14337
0 14338
1 14433
3 14226
0 14339
3 14227
2 14240
3 14263
3 14264
1 14474
3 14265
3 14266
3 14267
3 14268
0 14392
0 14393
2 14272
2 14303
1 14518
0 14455
0 14456
