0 661
1 711
2 686
3 679
1 713
3 682
2 687
3 683
1 714
3 684
1 716
1 720
0 695
3 719
0 718
1 768
0 739
3 765
1 785
2 776
1 790
0 765
2 797
0 790
0 813
0 837
1 890
0 869
3 898
0 882
3 912
3 913
3 914
2 905
3 915
3 916
0 892
0 901
0 910
0 926
3 965
1 970
3 974
3 975
2 975
3 976
2 976
1 978
1 990
3 1007
1 1006
2 1012
1 1018
2 1017
0 1015
3 1054
1 1051
0 1047
3 1089
3 1090
2 1098
3 1091
2 1099
0 1086
0 1125
1 1186
0 1165
3 1212
3 1213
3 1214
2 1223
2 1224
0 1208
0 1254
2 1309
0 1300
0 1346
2 1402
3 1370
3 1371
3 1372
0 1394
0 1444
3 1472
3 1473
3 1474
0 1495
2 1547
0 1545
3 1571
0 1595
0 1644
0 1694
3 1704
0 1744
1 1756
0 1794
0 1844
2 1882
2 1883
1 1860
0 1894
1 1918
3 1903
1 1919
3 1904
2 1936
2 1937
3 1905
3 1906
0 1944
0 1994
2 2049
2 2050
1 2029
1 2030
2 2051
1 2031
2 2052
1 2032
1 2033
3 2018
0 2044
0 2094
0 2144
3 2198
2 2222
3 2199
2 2223
2 2224
3 2200
1 2193
3 2201
3 2202
0 2194
1 2232
2 2265
2 2266
3 2248
1 2233
2 2267
0 2244
3 2286
0 2294
2 2362
1 2310
0 2344
1 2352
3 2379
2 2412
0 2394
0 2444
3 2479
1 2444
3 2480
2 2498
3 2481
0 2494
0 2544
2 2586
0 2594
3 2605
0 2644
3 2674
3 2675
3 2676
0 2694
1 2681
3 2722
1 2682
1 2683
0 2744
1 2721
2 2767
0 2794
3 2815
2 2815
1 2769
1 2770
2 2816
1 2771
2 2818
3 2816
3 2817
3 2818
2 2819
1 2772
3 2819
3 2820
2 2820
1 2773
1 2774
0 2844
0 2895
2 2935
0 2945
3 3013
1 2923
1 2924
3 3014
0 2995
0 3045
0 3095
3 3171
0 3145
0 3195
2 3245
0 3245
3 3296
2 3305
0 3295
0 3345
0 3395
2 3437
1 3428
1 3429
1 3430
1 3431
2 3438
2 3439
2 3440
0 3445
1 3482
2 3480
3 3468
3 3469
3 3470
1 3483
2 3481
1 3484
2 3482
3 3471
0 3496
3 3506
0 3546
3 3548
0 3595
0 3645
2 3670
1 3663
1 3664
1 3665
1 3666
0 3695
0 3745
2 3786
2 3787
0 3795
1 3827
2 3831
2 3833
3 3806
0 3844
3 3865
1 3872
0 3889
1 3920
2 3959
1 3921
1 3922
1 3923
2 3960
3 3912
1 3924
0 3939
3 3976
1 3976
3 3977
0 3989
3 4017
3 4018
1 4025
0 4039
1 4068
0 4089
2 4148
2 4149
2 4150
1 4119
2 4151
3 4100
1 4120
1 4121
3 4101
3 4102
2 4153
1 4122
2 4155
2 4156
0 4139
2 4204
0 4189
3 4212
1 4224
1 4225
1 4226
0 4238
3 4251
3 4252
3 4253
0 4288
0 4338
2 4383
3 4328
3 4329
2 4384
1 4375
0 4388
1 4437
1 4438
3 4395
1 4439
2 4434
2 4436
0 4439
1 4499
1 4500
2 4495
0 4488
2 4560
1 4554
1 4555
0 4538
3 4539
0 4587
1 4646
0 4636
3 4631
0 4685
3 4698
3 4699
0 4735
0 4785
0 4834
2 4948
0 4884
0 4933
0 4983
0 5033
0 5083
1 5123
0 5133
0 5183
3 5199
3 5200
2 5311
1 5250
2 5312
1 5251
3 5201
2 5313
2 5314
3 5202
1 5252
1 5253
2 5315
0 5233
3 5261
3 5262
3 5263
0 5283
3 5311
3 5312
2 5418
1 5375
3 5313
0 5334
1 5414
1 5415
3 5346
1 5416
2 5470
2 5471
2 5472
2 5473
1 5418
2 5474
3 5347
1 5419
1 5420
0 5385
1 5470
0 5435
3 5459
0 5485
0 5536
3 5548
0 5585
0 5635
3 5635
3 5636
0 5685
3 5674
3 5675
0 5734
3 5719
2 5833
0 5784
0 5834
0 5884
3 5862
3 5863
0 5934
1 6015
1 6016
0 5984
0 6034
3 6012
3 6013
3 6014
0 6084
3 6060
0 6134
3 6107
2 6212
1 6210
0 6184
3 6156
0 6234
1 6315
3 6210
1 6316
3 6211
0 6284
2 6359
3 6263
2 6360
1 6356
3 6264
0 6334
0 6384
2 6424
1 6443
1 6447
1 6448
1 6449
1 6450
2 6430
0 6434
1 6505
1 6506
1 6507
2 6498
2 6499
3 6405
2 6500
3 6407
0 6485
3 6444
0 6533
2 6587
1 6597
1 6598
0 6582
3 6550
1 6658
1 6659
0 6632
2 6679
0 6682
1 6757
3 6645
3 6646
3 6647
1 6758
3 6648
0 6732
3 6701
2 6774
0 6782
2 6825
3 6743
1 6863
1 6864
0 6832
1 6905
1 6906
1 6907
0 6880
0 6930
0 6972
1 7067
0 7020
1 7111
2 7079
1 7112
1 7113
1 7114
3 7003
0 7070
2 7107
3 7039
3 7040
0 7121
3 7084
3 7085
1 7215
3 7086
1 7216
2 7155
1 7217
1 7218
3 7089
1 7219
3 7090
3 7092
0 7171
1 7267
0 7218
2 7261
0 7266
1 7363
0 7316
1 7412
2 7352
1 7413
3 7256
3 7262
2 7353
2 7354
2 7355
1 7417
3 7263
2 7356
1 7418
0 7368
0 7416
2 7463
2 7465
0 7465
1 7568
3 7403
1 7569
2 7516
3 7404
2 7517
3 7405
0 7515
0 7565
0 7614
2 7660
2 7661
0 7664
3 7594
3 7595
0 7714
3 7643
3 7644
3 7645
3 7646
1 7815
1 7816
0 7764
2 7828
2 7829
2 7830
0 7814
3 7783
3 7784
3 7785
0 7863
2 7954
2 7955
1 8007
2 7956
2 7958
1 8008
0 7914
1 8072
2 8020
2 8021
2 8022
2 8023
0 7964
3 7929
2 8061
1 8126
2 8062
1 8127
2 8063
2 8064
1 8128
0 8014
2 8130
2 8131
3 7974
1 8173
2 8132
2 8133
0 8064
0 8113
0 8163
2 8275
2 8276
1 8339
0 8213
0 8263
2 8363
1 8419
1 8420
0 8313
3 8281
3 8282
2 8417
1 8476
2 8418
2 8419
1 8477
1 8478
3 8283
3 8284
3 8285
1 8479
0 8366
3 8329
1 8525
0 8416
0 8466
1 8644
3 8429
1 8645
0 8516
2 8659
0 8566
2 8705
2 8706
3 8550
1 8751
0 8616
2 8774
1 8819
3 8617
1 8820
2 8775
0 8666
0 8716
1 8930
1 8931
1 8932
2 8884
0 8766
0 8815
1 9034
0 8865
3 8846
1 9076
3 8847
2 9019
1 9077
2 9020
3 8848
0 8915
1 9122
3 8887
2 9067
2 9068
2 9069
0 8965
2 9123
3 8940
1 9153
1 9154
2 9124
0 9015
0 9065
3 9050
3 9051
1 9260
0 9115
0 9165
2 9334
3 9154
2 9335
0 9216
3 9209
1 9416
0 9265
0 9314
3 9319
0 9363
3 9368
3 9369
1 9582
1 9583
0 9412
0 9461
3 9429
3 9430
3 9431
2 9603
3 9432
3 9433
3 9434
0 9510
2 9662
1 9718
1 9719
2 9663
2 9664
0 9559
1 9759
0 9608
0 9657
1 9847
3 9619
2 9800
1 9848
0 9705
0 9754
1 9957
0 9804
1 10006
0 9853
1 10070
1 10071
3 9842
0 9901
0 9950
2 10127
0 9999
0 10048
2 10192
3 10002
0 10097
3 10046
3 10047
1 10251
2 10237
0 10146
3 10096
3 10097
1 10297
1 10298
1 10299
1 10300
1 10301
3 10098
0 10195
2 10316
0 10244
0 10293
3 10230
2 10404
0 10342
1 10472
3 10262
2 10452
1 10475
0 10392
2 10497
2 10498
3 10319
3 10320
3 10321
0 10441
2 10541
0 10490
1 10625
2 10589
3 10404
0 10540
3 10450
0 10589
1 10748
3 10496
2 10695
1 10749
1 10750
1 10751
2 10696
0 10638
2 10754
3 10528
2 10755
0 10686
0 10734
1 10876
1 10877
3 10613
0 10782
1 10920
0 10830
0 10877
1 11033
2 10988
2 10989
0 10924
2 11049
2 11050
3 10835
2 11051
0 10972
2 11111
1 11131
0 11021
0 11068
3 10985
1 11222
1 11223
2 11189
2 11190
2 11191
2 11192
0 11116
1 11278
0 11165
2 11281
2 11282
2 11283
3 11074
2 11284
3 11075
1 11321
0 11213
3 11117
2 11328
2 11329
1 11372
1 11373
3 11120
1 11374
1 11375
0 11262
1 11433
2 11375
0 11308
2 11428
0 11355
1 11525
3 11270
1 11526
0 11404
2 11504
1 11576
1 11577
2 11505
3 11316
3 11317
1 11578
3 11318
2 11506
2 11509
1 11580
2 11510
2 11511
2 11512
0 11451
2 11568
3 11372
2 11569
1 11637
2 11570
2 11571
3 11373
1 11638
2 11573
3 11374
2 11574
0 11499
3 11420
2 11620
3 11421
0 11546
2 11664
1 11727
0 11594
3 11513
3 11514
0 11641
3 11560
1 11801
1 11802
2 11762
0 11688
2 11800
2 11801
0 11735
3 11637
2 11846
0 11782
0 11829
3 11721
2 11934
2 11935
0 11876
0 11922
1 12035
2 12029
3 11827
2 12030
1 12037
1 12038
1 12039
3 11828
3 11829
2 12031
2 12032
2 12033
1 12040
3 11830
0 11969
2 12071
1 12084
1 12085
2 12072
3 11874
0 12015
2 12099
1 12135
3 11918
2 12100
2 12101
3 11919
2 12102
2 12103
0 12061
3 11976
0 12107
2 12175
3 12015
0 12153
1 12251
0 12199
1 12288
2 12244
3 12106
1 12291
3 12107
3 12108
3 12109
3 12110
3 12111
3 12112
2 12247
2 12248
3 12113
2 12249
2 12255
3 12114
3 12115
3 12116
2 12256
3 12117
3 12118
2 12257
2 12258
0 12246
2 12296
0 12292
0 12338
3 12265
3 12266
3 12267
1 12440
3 12268
3 12269
1 12441
1 12442
3 12270
0 12384
2 12444
3 12316
1 12497
2 12445
2 12446
3 12317
3 12318
3 12319
1 12498
1 12499
2 12447
0 12431
1 12553
3 12361
2 12487
2 12488
2 12489
3 12362
3 12363
3 12364
2 12490
0 12477
2 12536
0 12523
0 12569
0 12615
1 12779
0 12660
3 12614
3 12615
0 12706
3 12663
3 12664
2 12763
3 12665
0 12750
0 12795
3 12763
1 12959
1 12960
0 12841
0 12886
3 12841
1 13056
0 12931
3 12877
3 12878
1 13108
3 12879
2 12967
1 13111
0 12976
1 13151
0 13020
3 12976
0 13064
2 13080
0 13107
2 13125
3 13075
3 13076
1 13275
0 13154
2 13159
0 13197
0 13240
1 13386
2 13229
1 13390
3 13188
3 13189
0 13284
3 13242
3 13243
1 13428
3 13244
2 13282
1 13429
1 13430
2 13283
0 13327
1 13484
1 13485
3 13281
1 13486
3 13283
3 13284
0 13370
3 13323
3 13324
2 13377
1 13535
1 13536
1 13537
1 13538
3 13327
3 13328
2 13380
0 13412
3 13361
1 13575
2 13422
2 13443
2 13485
2 13527
3 13531
0 13578
2 13569
1 13752
2 13610
0 13675
2 13651
2 13692
2 13732
3 13725
0 13816
3 13726
2 13772
2 13811
0 13911
1 14010
0 13914
1 14013
1 14014
2 13851
1 14060
1 14061
0 13945
2 13890
3 13870
2 13928
0 14022
1 14138
2 13966
1 14172
2 14002
0 14090
2 14039
0 14133
0 14134
0 14135
2 14075
2 14111
1 14326
1 14327
3 14106
2 14147
2 14182
2 14217
1 14447
3 14237
0 14354
1 14448
0 14355
3 14238
3 14239
1 14449
1 14450
0 14357
2 14248
3 14278
3 14279
0 14397
0 14398
0 14399
0 14400
1 14480
3 14280
2 14279
2 14310
1 14524
3 14333
0 14460
1 14525
0 14461
3 14334
1 14526
2 14340
0 14485
1 14551
2 14370
3 14392
3 14393
0 14513
2 14401
1 14601
0 14533
0 14534
2 14430
3 14443
3 14444
1 14629
2 14459
2 14488
3 14479
0 14617
3 14480
0 14618
1 14665
2 14516
0 14643
2 14543
3 14524
3 14525
0 14678
2 14568
0 14700
0 14701
2 14592
2 14614
0 14745
2 14637
3 14604
1 14800
1 14801
0 14772
2 14659
0 14801
0 14802
3 14635
2 14679
1 14839
1 14840
1 14841
1 14842
0 14820
1 14843
3 14653
0 14821
1 14845
2 14700
0 14848
2 14718
2 14734
2 14748
3 14722
0 14885
1 14902
2 14762
0 14898
