0 713
3 745
2 755
3 747
2 757
2 760
0 741
3 769
3 770
2 778
1 794
3 774
0 768
3 812
0 793
1 853
3 846
0 824
1 874
0 853
1 903
1 924
3 926
3 927
0 906
3 943
2 935
0 921
1 967
1 977
0 975
1 1009
2 1013
0 1008
3 1047
0 1040
0 1071
3 1115
1 1113
2 1122
3 1116
0 1110
1 1168
2 1160
3 1156
2 1161
2 1162
3 1157
3 1158
3 1159
2 1163
3 1160
1 1169
3 1161
1 1170
0 1150
2 1195
0 1191
0 1236
0 1282
0 1327
2 1377
1 1364
2 1379
2 1380
2 1381
1 1366
1 1367
3 1345
3 1346
1 1368
1 1369
3 1347
1 1370
2 1383
1 1371
3 1348
1 1373
0 1373
2 1429
0 1422
2 1484
2 1485
3 1439
0 1472
2 1528
0 1522
2 1565
1 1566
2 1566
1 1567
3 1546
2 1567
1 1568
1 1569
1 1570
0 1572
3 1597
3 1598
1 1611
2 1617
2 1618
0 1622
0 1672
2 1713
1 1702
0 1722
1 1737
1 1738
0 1772
2 1812
3 1785
1 1780
2 1813
0 1822
0 1872
1 1885
2 1901
1 1886
2 1902
1 1887
1 1889
2 1905
1 1890
1 1891
1 1892
2 1906
0 1922
1 1955
3 1937
2 1968
1 1956
3 1938
3 1939
3 1940
2 1969
1 1957
0 1972
1 1998
1 1999
1 2000
3 1991
0 2022
0 2071
3 2120
2 2150
1 2131
0 2121
2 2191
2 2192
2 2193
1 2168
3 2162
2 2194
3 2163
1 2169
3 2164
3 2166
2 2196
1 2170
1 2171
1 2172
2 2197
0 2172
0 2222
3 2268
0 2272
1 2290
3 2307
3 2308
3 2309
2 2329
3 2310
2 2330
3 2311
3 2312
1 2291
2 2331
0 2322
0 2372
1 2390
3 2413
1 2391
1 2392
2 2443
0 2422
3 2452
0 2472
1 2461
3 2510
0 2522
2 2573
2 2574
0 2572
3 2591
3 2592
3 2593
2 2610
1 2555
0 2622
0 2672
1 2662
3 2701
3 2702
2 2706
0 2723
1 2704
2 2756
3 2746
3 2747
3 2748
2 2757
0 2773
1 2747
0 2823
3 2864
3 2865
3 2866
3 2867
1 2808
0 2873
1 2862
0 2923
1 2904
2 2975
3 2986
0 2973
2 3046
2 3047
0 3025
1 3015
3 3092
1 3016
3 3093
0 3075
1 3104
0 3125
2 3190
0 3175
3 3243
2 3226
0 3225
0 3275
2 3338
1 3313
0 3325
1 3360
0 3375
1 3413
0 3425
3 3439
1 3459
2 3461
0 3476
3 3491
0 3525
1 3544
3 3527
1 3545
0 3575
2 3608
1 3591
0 3625
2 3643
1 3636
0 3675
3 3690
0 3725
0 3774
0 3824
3 3840
0 3874
1 3900
1 3901
3 3887
3 3888
1 3902
3 3889
3 3890
2 3941
1 3911
2 3948
3 3899
3 3900
0 3925
2 4011
3 3970
1 3966
2 4012
2 4013
0 3975
1 4005
3 4005
0 4025
2 4093
1 4063
1 4064
0 4075
0 4125
3 4137
1 4150
2 4185
2 4186
3 4138
1 4151
3 4139
1 4152
2 4187
0 4175
3 4194
3 4195
3 4196
1 4210
1 4212
2 4249
0 4226
2 4301
1 4274
2 4302
2 4303
1 4275
3 4244
3 4245
2 4304
1 4276
2 4305
3 4246
0 4276
0 4326
3 4320
2 4376
2 4377
0 4376
3 4375
1 4421
3 4376
1 4422
0 4426
2 4480
2 4481
2 4482
1 4489
3 4448
1 4490
0 4476
1 4539
0 4524
3 4527
0 4574
1 4634
3 4577
2 4641
3 4578
2 4643
3 4579
3 4580
0 4624
3 4613
0 4674
3 4684
3 4685
1 4734
2 4753
2 4754
2 4755
0 4724
0 4772
3 4802
1 4833
2 4870
2 4871
0 4822
3 4837
2 4933
0 4873
2 4985
3 4885
3 4886
3 4887
1 4920
1 4921
0 4922
1 4980
0 4972
3 5006
0 5022
3 5037
3 5038
0 5072
3 5079
3 5080
2 5176
0 5122
3 5138
0 5172
3 5182
1 5229
1 5232
0 5222
1 5293
2 5349
0 5272
0 5322
0 5371
3 5395
1 5460
3 5396
0 5421
0 5471
2 5606
1 5586
1 5587
3 5493
1 5588
3 5494
2 5607
1 5589
0 5521
0 5571
3 5570
1 5675
1 5677
2 5693
1 5678
2 5694
0 5621
3 5612
0 5671
2 5770
2 5771
0 5720
0 5770
3 5741
3 5742
1 5852
0 5820
1 5897
0 5870
3 5849
1 5946
3 5850
2 5952
2 5953
0 5920
0 5970
3 5934
2 6056
3 5935
2 6057
2 6058
2 6059
2 6060
3 5936
3 5937
0 6020
0 6069
2 6155
1 6158
0 6119
2 6195
1 6200
3 6089
0 6169
3 6140
1 6245
2 6242
1 6246
3 6141
3 6142
0 6220
0 6270
0 6320
3 6290
0 6370
0 6420
2 6481
2 6482
3 6382
3 6383
3 6384
2 6483
3 6385
0 6470
0 6519
1 6585
3 6486
1 6586
0 6569
2 6624
0 6618
3 6575
0 6666
2 6715
3 6631
0 6716
0 6766
3 6727
1 6841
3 6728
3 6729
3 6730
1 6842
2 6805
0 6816
0 6859
3 6817
0 6909
2 6950
3 6866
0 6958
3 6933
1 7046
3 6934
1 7047
3 6935
3 6936
1 7048
1 7049
1 7050
3 6938
2 7014
3 6939
3 6940
3 6941
1 7051
3 6942
0 7010
2 7070
1 7098
0 7060
0 7110
0 7157
3 7115
3 7116
1 7260
3 7117
3 7118
3 7119
1 7261
0 7207
0 7257
0 7307
1 7406
3 7250
0 7357
2 7386
3 7305
0 7408
1 7505
3 7357
1 7506
2 7446
1 7507
2 7447
1 7508
2 7448
1 7509
3 7358
0 7458
1 7560
0 7508
0 7558
3 7498
3 7499
1 7652
2 7603
2 7604
0 7608
3 7541
0 7657
1 7758
1 7759
2 7718
1 7760
0 7707
0 7756
2 7805
2 7806
3 7706
2 7807
2 7808
3 7707
3 7708
1 7862
3 7709
3 7710
1 7863
2 7809
0 7807
3 7778
0 7857
1 7998
0 7907
0 7957
1 8119
0 8007
2 8122
1 8169
0 8056
3 8020
0 8106
3 8085
1 8276
1 8277
3 8086
0 8156
3 8138
0 8206
3 8181
3 8182
0 8256
3 8229
0 8306
3 8279
1 8472
0 8357
1 8519
0 8407
2 8519
2 8520
0 8457
2 8578
1 8624
2 8579
3 8420
0 8507
2 8647
2 8648
3 8476
1 8692
2 8649
3 8477
3 8478
3 8479
1 8693
3 8480
0 8557
1 8743
3 8533
3 8534
3 8535
3 8536
2 8698
3 8537
3 8538
0 8607
2 8757
0 8657
2 8822
0 8707
1 8915
3 8697
3 8698
2 8867
2 8868
0 8757
3 8760
1 8983
1 8984
2 8930
2 8931
2 8934
2 8935
2 8936
3 8765
0 8808
0 8858
3 8842
1 9075
0 8908
1 9110
1 9111
0 8958
1 9151
0 9010
3 8973
3 8974
1 9179
2 9162
3 8975
2 9163
3 8976
1 9180
0 9060
3 9045
1 9255
3 9047
3 9048
0 9110
2 9280
0 9160
3 9145
3 9146
3 9147
3 9148
3 9149
1 9362
2 9332
3 9152
2 9333
1 9367
0 9210
2 9379
2 9380
1 9411
2 9381
3 9207
2 9382
0 9259
1 9458
1 9459
3 9255
2 9424
2 9425
0 9309
2 9484
2 9485
0 9358
0 9407
3 9400
1 9615
3 9401
0 9456
1 9663
0 9505
2 9658
2 9659
2 9660
0 9554
2 9701
2 9702
0 9603
2 9740
3 9565
0 9653
2 9794
3 9615
1 9844
2 9795
1 9845
2 9796
3 9616
3 9617
2 9797
2 9798
0 9702
0 9751
1 9953
2 9919
2 9920
1 9954
0 9800
2 9985
0 9849
0 9897
2 10085
0 9946
1 10146
1 10147
3 9932
1 10148
3 9933
0 9995
0 10044
3 9996
3 9997
1 10214
1 10215
0 10093
2 10236
3 10045
0 10143
1 10293
0 10191
1 10349
1 10350
0 10240
1 10390
1 10391
0 10289
0 10338
1 10467
3 10256
2 10449
0 10387
2 10486
2 10487
3 10309
3 10310
1 10513
2 10488
2 10489
3 10311
2 10490
2 10491
3 10312
3 10313
0 10436
0 10484
3 10395
0 10533
1 10679
0 10582
2 10692
0 10631
0 10680
2 10791
1 10826
2 10792
2 10793
0 10728
3 10612
0 10776
3 10663
0 10823
1 10966
2 10934
0 10871
3 10762
3 10763
0 10919
2 11044
3 10824
3 10825
2 11045
1 11074
3 10826
0 10967
0 11014
0 11062
1 11221
0 11110
1 11273
2 11234
1 11274
3 11022
1 11275
3 11023
1 11276
0 11158
0 11206
1 11357
1 11358
3 11110
2 11315
1 11359
2 11316
1 11360
0 11255
2 11369
2 11370
3 11170
1 11428
3 11171
2 11371
2 11372
3 11172
2 11373
0 11302
0 11349
0 11396
1 11568
1 11569
0 11443
2 11557
2 11558
3 11359
0 11490
2 11611
0 11537
0 11584
0 11631
1 11796
0 11678
0 11725
0 11772
1 11895
2 11879
0 11819
2 11925
3 11714
0 11866
0 11912
2 12020
0 11958
2 12057
2 12058
3 11863
1 12070
0 12005
1 12125
3 11910
0 12051
0 12097
2 12172
3 12009
0 12143
0 12189
2 12235
1 12276
1 12277
0 12235
3 12152
3 12153
1 12333
3 12154
0 12281
1 12387
3 12216
0 12327
2 12372
0 12372
3 12307
3 12308
1 12483
2 12437
2 12438
1 12484
0 12418
2 12478
0 12464
0 12511
2 12568
3 12443
0 12557
1 12708
2 12615
2 12616
1 12709
1 12710
2 12617
1 12711
0 12604
3 12552
0 12651
3 12607
1 12822
0 12697
2 12754
3 12653
3 12654
1 12865
0 12742
0 12787
2 12835
2 12836
0 12832
3 12793
0 12877
0 12922
2 12962
3 12872
1 13102
1 13103
2 12963
3 12873
0 12966
0 13010
3 12966
3 12967
1 13187
0 13054
2 13073
1 13217
0 13097
1 13255
0 13132
3 13094
0 13173
1 13327
1 13328
1 13329
0 13216
2 13208
2 13209
0 13261
3 13224
2 13259
2 13260
2 13263
0 13304
1 13450
1 13451
2 13301
0 13347
3 13297
2 13349
1 13515
0 13388
1 13558
3 13345
3 13346
2 13398
1 13562
3 13349
0 13430
1 13586
2 13436
0 13482
2 13478
3 13479
1 13676
2 13520
3 13523
0 13574
3 13524
1 13718
1 13719
3 13525
1 13720
3 13526
2 13562
3 13551
3 13552
2 13603
3 13586
0 13666
2 13644
1 13833
1 13834
0 13715
3 13629
1 13835
3 13630
3 13631
0 13716
0 13717
2 13685
3 13683
1 13882
3 13684
2 13725
1 13920
1 13921
1 13922
3 13715
1 13923
0 13802
3 13716
0 13803
0 13804
1 13924
2 13765
0 13855
1 13962
1 13963
0 13856
3 13750
1 13964
3 13751
0 13857
0 13858
0 13859
3 13752
2 13804
1 14003
1 14004
1 14005
2 13843
1 14050
2 13882
3 13864
0 13979
2 13920
2 13957
0 14050
1 14165
2 13994
0 14080
0 14084
2 14032
3 13991
1 14240
1 14241
0 14116
0 14117
1 14242
0 14118
3 13992
0 14119
3 13993
0 14120
3 13994
2 14068
0 14169
1 14284
0 14170
2 14104
2 14140
1 14350
1 14351
2 14176
2 14209
0 14340
1 14434
2 14242
3 14269
2 14273
0 14430
3 14302
1 14497
0 14431
1 14498
3 14303
3 14304
2 14304
1 14519
1 14520
1 14521
0 14457
3 14329
3 14330
3 14331
0 14458
2 14334
2 14364
3 14380
0 14507
1 14572
3 14383
2 14396
3 14417
1 14598
0 14529
2 14426
3 14441
2 14455
1 14641
3 14455
3 14456
3 14457
0 14575
0 14576
0 14577
0 14578
1 14642
1 14643
2 14484
0 14606
0 14607
0 14608
0 14609
0 14610
0 14611
1 14662
0 14612
0 14613
0 14614
3 14478
2 14513
3 14497
2 14539
0 14666
0 14667
1 14707
1 14708
0 14668
2 14564
1 14725
1 14726
3 14544
3 14545
1 14727
1 14728
1 14729
0 14693
0 14694
3 14546
0 14695
3 14547
2 14588
0 14725
1 14753
1 14754
3 14569
0 14726
0 14727
2 14613
1 14771
1 14772
2 14636
1 14798
0 14770
1 14799
0 14771
2 14658
2 14677
1 14836
2 14697
3 14676
0 14846
1 14862
2 14717
3 14684
0 14861
3 14685
0 14862
0 14863
3 14686
3 14687
