2 688
0 690
2 714
2 715
1 737
1 739
2 718
1 741
0 716
0 736
1 782
3 763
0 758
1 809
0 784
0 805
1 865
2 844
3 856
3 857
3 858
1 875
3 866
2 851
0 855
3 880
2 871
3 881
2 872
1 908
2 904
1 930
3 934
1 953
2 955
2 956
0 941
0 968
1 997
2 1005
0 999
2 1029
1 1038
2 1048
2 1051
0 1041
0 1072
0 1111
2 1164
1 1171
3 1162
3 1163
1 1172
1 1173
2 1165
3 1164
2 1166
0 1151
0 1193
2 1259
2 1260
2 1264
0 1239
2 1298
1 1292
0 1285
2 1334
2 1335
2 1336
2 1337
1 1328
1 1329
2 1338
0 1331
2 1386
2 1387
0 1377
0 1426
1 1474
2 1492
2 1493
2 1494
0 1476
0 1526
0 1576
2 1623
1 1614
3 1601
1 1615
3 1602
1 1616
3 1603
0 1626
1 1671
3 1644
2 1673
3 1645
2 1674
1 1672
2 1675
0 1676
3 1687
3 1688
3 1689
2 1718
2 1719
3 1690
3 1691
3 1692
0 1726
2 1770
2 1771
0 1776
3 1792
2 1818
0 1826
1 1832
1 1833
3 1844
2 1857
3 1845
0 1876
3 1884
0 1926
0 1976
3 1996
2 2029
2 2030
3 1997
3 1998
3 1999
2 2031
1 2008
0 2025
3 2061
2 2084
0 2075
3 2123
0 2125
0 2174
2 2247
0 2224
1 2255
3 2269
2 2297
1 2256
1 2257
2 2298
3 2270
1 2258
1 2259
3 2271
2 2299
3 2272
0 2274
0 2324
3 2354
3 2355
2 2386
1 2339
3 2356
3 2357
0 2374
3 2415
2 2444
0 2424
0 2474
2 2524
0 2524
0 2575
1 2556
3 2596
2 2613
0 2625
3 2651
1 2597
2 2659
3 2652
1 2598
1 2599
3 2653
2 2660
3 2654
2 2661
0 2675
0 2724
2 2758
3 2749
0 2774
1 2748
3 2797
0 2824
1 2807
2 2857
1 2809
3 2868
2 2858
3 2869
3 2870
2 2859
1 2810
1 2811
2 2860
3 2871
1 2812
1 2813
3 2872
1 2814
1 2815
3 2873
2 2861
3 2874
0 2874
0 2924
0 2974
0 3023
2 3093
2 3094
3 3091
1 3014
0 3074
1 3103
0 3123
2 3188
3 3204
3 3205
0 3173
3 3238
1 3192
1 3193
0 3223
3 3280
1 3257
2 3275
0 3273
0 3323
2 3381
2 3382
3 3364
3 3365
0 3373
3 3397
1 3410
3 3398
3 3399
0 3423
1 3455
1 3456
0 3473
2 3509
2 3510
2 3511
2 3512
0 3523
2 3569
0 3572
2 3605
3 3579
3 3580
3 3581
0 3621
3 3628
2 3637
1 3634
2 3638
2 3639
1 3635
2 3640
2 3641
3 3629
0 3673
2 3701
1 3704
0 3723
1 3764
1 3765
2 3760
1 3767
2 3762
0 3775
2 3815
0 3825
3 3841
1 3856
2 3868
0 3875
0 3916
1 3947
2 3990
2 3994
1 3949
0 3966
2 4042
0 4016
2 4082
2 4083
2 4084
3 4037
3 4038
1 4055
3 4039
0 4066
1 4098
2 4118
1 4099
2 4119
2 4120
1 4100
0 4117
3 4130
2 4180
1 4142
0 4167
3 4188
3 4189
0 4217
1 4258
0 4266
0 4316
2 4370
3 4315
0 4366
2 4409
0 4415
3 4434
1 4482
0 4467
1 4527
3 4478
3 4479
1 4528
1 4529
1 4530
2 4536
0 4517
0 4567
0 4617
1 4665
0 4667
2 4744
2 4745
2 4746
2 4747
1 4725
2 4748
1 4726
0 4717
2 4789
2 4790
1 4767
0 4767
2 4868
1 4830
1 4831
2 4869
0 4817
0 4866
0 4916
3 4951
0 4966
2 5088
3 4997
3 4998
2 5089
3 4999
0 5016
2 5139
0 5065
2 5166
0 5115
3 5131
2 5235
3 5132
3 5133
1 5167
0 5166
0 5216
0 5266
0 5316
3 5336
2 5451
1 5401
0 5366
2 5499
0 5416
0 5465
2 5603
1 5580
0 5515
3 5525
0 5565
3 5567
0 5615
2 5716
1 5715
0 5665
1 5775
3 5659
2 5766
1 5776
2 5767
0 5715
0 5765
0 5815
0 5865
1 5942
0 5915
1 5994
1 5995
1 5996
2 6009
0 5965
0 6015
3 5988
2 6098
2 6099
0 6065
2 6153
0 6115
1 6197
0 6165
1 6239
2 6235
3 6137
3 6138
2 6236
0 6215
3 6183
0 6264
1 6343
1 6344
0 6313
2 6383
1 6380
1 6381
0 6363
3 6321
1 6415
3 6322
1 6416
3 6323
0 6413
2 6477
3 6378
0 6463
3 6424
3 6425
1 6533
0 6513
3 6472
2 6569
2 6570
3 6473
3 6474
2 6571
0 6563
0 6613
1 6683
2 6655
3 6571
3 6572
0 6664
3 6630
0 6714
1 6794
3 6688
0 6764
2 6803
3 6725
1 6840
2 6804
3 6726
0 6814
0 6856
0 6905
1 6978
3 6861
2 6943
2 6944
3 6862
2 6945
2 6947
2 6949
2 6951
2 6952
0 6959
0 7007
1 7095
3 6987
0 7053
1 7153
0 7103
2 7131
0 7153
3 7114
2 7193
2 7194
1 7257
0 7203
2 7244
1 7304
3 7160
0 7252
0 7302
1 7400
3 7248
0 7352
2 7382
0 7402
2 7434
1 7498
1 7499
0 7450
1 7555
2 7503
3 7399
0 7500
0 7550
0 7600
2 7640
3 7533
2 7641
0 7650
2 7705
2 7706
3 7584
2 7707
1 7745
2 7708
1 7746
1 7747
0 7700
0 7750
2 7801
2 7802
0 7799
3 7763
3 7764
3 7765
2 7876
0 7849
2 7940
1 7982
3 7823
3 7824
2 7941
2 7942
3 7825
1 7983
3 7826
1 7984
0 7899
2 8000
1 8058
3 7881
2 8002
3 7882
3 7883
0 7950
2 8053
2 8054
1 8109
3 7919
0 8000
1 8161
3 7965
3 7966
1 8162
0 8050
1 8209
3 8011
1 8210
2 8156
3 8012
2 8157
0 8100
0 8150
2 8263
0 8200
0 8249
2 8352
2 8353
0 8299
3 8268
3 8269
3 8270
2 8401
2 8402
3 8271
3 8272
0 8349
1 8511
0 8398
2 8507
2 8508
2 8509
3 8363
0 8448
1 8613
2 8566
1 8614
1 8615
2 8567
0 8498
2 8637
3 8468
3 8469
1 8682
1 8683
1 8684
1 8685
1 8686
2 8638
0 8548
0 8597
2 8748
1 8790
1 8791
2 8749
3 8590
1 8792
3 8591
3 8592
1 8793
1 8794
3 8593
3 8594
3 8595
2 8750
0 8648
1 8843
1 8844
2 8807
2 8808
3 8638
1 8845
1 8846
1 8847
1 8848
1 8849
3 8639
2 8809
2 8810
1 8850
2 8811
1 8851
2 8812
2 8813
1 8852
3 8640
1 8853
1 8854
2 8814
0 8699
1 8909
2 8863
1 8910
2 8864
1 8911
1 8912
3 8688
0 8749
2 8912
2 8913
3 8751
1 8967
2 8914
1 8968
2 8915
1 8969
3 8752
1 8970
2 8916
3 8753
2 8917
2 8918
1 8972
1 8973
2 8919
2 8920
0 8799
1 9021
1 9022
1 9023
0 8849
1 9064
1 9065
1 9066
0 8899
1 9100
3 8865
1 9101
1 9102
1 9103
2 9048
2 9049
3 8866
2 9050
3 8867
0 8949
2 9097
3 8919
2 9098
0 8999
2 9152
2 9153
0 9049
3 9034
3 9035
1 9242
0 9099
3 9079
0 9148
2 9316
1 9347
1 9348
2 9317
2 9318
0 9198
2 9365
2 9366
1 9401
3 9189
3 9190
1 9402
0 9247
2 9413
1 9441
0 9296
1 9492
3 9293
3 9294
0 9345
0 9395
2 9552
3 9386
2 9553
0 9444
3 9424
3 9425
1 9650
0 9493
3 9483
0 9542
2 9685
3 9527
0 9590
2 9735
1 9787
3 9563
2 9736
0 9639
2 9777
2 9778
0 9688
0 9737
2 9894
0 9786
1 9994
2 9967
1 9995
2 9968
0 9835
0 9884
0 9933
3 9919
3 9920
1 10136
0 9982
0 10032
0 10081
0 10130
2 10262
2 10263
3 10080
2 10264
2 10265
0 10179
1 10334
1 10335
0 10228
1 10386
2 10363
3 10177
2 10364
3 10178
3 10179
2 10365
0 10278
2 10400
0 10327
1 10452
1 10453
0 10376
0 10424
1 10555
3 10338
1 10556
0 10473
3 10384
3 10385
0 10522
0 10570
1 10729
3 10481
0 10620
2 10740
0 10668
0 10716
1 10870
1 10871
0 10764
0 10812
3 10705
1 10953
0 10860
1 11017
2 10971
2 10972
2 10973
0 10908
1 11065
3 10811
3 10812
2 11034
0 10956
2 11095
0 11002
1 11149
0 11050
2 11171
0 11098
2 11222
2 11223
0 11145
2 11258
3 11050
1 11301
2 11259
3 11051
0 11193
2 11303
1 11342
1 11343
0 11241
1 11404
3 11154
3 11155
2 11354
1 11405
3 11156
1 11406
1 11407
1 11410
1 11411
0 11288
2 11410
2 11411
2 11412
3 11211
0 11335
2 11448
0 11381
1 11559
3 11296
3 11297
2 11490
3 11298
2 11491
1 11560
0 11428
3 11344
2 11542
2 11543
2 11544
2 11545
0 11475
0 11522
3 11444
3 11445
2 11642
1 11706
1 11707
1 11708
0 11569
2 11686
3 11489
3 11490
2 11687
2 11689
0 11617
0 11664
2 11783
3 11586
3 11587
2 11784
0 11711
3 11622
0 11758
0 11805
1 11930
0 11852
3 11751
3 11752
1 11979
2 11963
3 11753
1 11980
1 11981
3 11754
2 11964
1 11982
2 11965
1 11983
3 11757
3 11758
0 11898
0 11944
1 12053
1 12054
2 12046
3 11845
0 11990
1 12110
3 11896
1 12114
3 11898
2 12083
2 12084
1 12115
1 12116
1 12117
3 11899
3 11900
0 12037
3 11955
3 11956
2 12123
0 12083
0 12128
2 12198
2 12199
0 12174
0 12220
0 12266
3 12197
0 12312
0 12358
1 12464
0 12404
3 12333
1 12521
2 12468
3 12334
3 12335
0 12450
2 12505
2 12506
3 12379
1 12564
1 12565
3 12380
1 12566
2 12507
1 12567
1 12568
3 12381
0 12496
2 12559
2 12560
1 12630
1 12631
0 12542
1 12691
0 12588
1 12731
1 12732
1 12733
1 12734
2 12639
0 12634
1 12804
0 12679
0 12725
2 12774
0 12771
3 12729
3 12730
3 12731
1 12930
0 12816
0 12861
1 13028
3 12812
1 13029
3 12813
2 12895
2 12896
3 12814
2 12897
0 12907
1 13079
2 12950
3 12859
2 12951
1 13080
3 12860
3 12861
1 13081
0 12951
3 12901
3 12902
0 12994
0 13038
0 13081
1 13240
2 13099
3 13053
2 13103
1 13246
3 13059
2 13112
2 13116
3 13069
2 13121
2 13126
3 13077
0 13150
2 13157
3 13110
1 13309
0 13193
3 13144
1 13343
3 13145
1 13344
0 13237
1 13383
0 13279
3 13241
0 13322
0 13360
3 13305
1 13523
2 13363
0 13403
1 13569
1 13570
2 13410
3 13363
3 13364
1 13576
1 13577
2 13423
0 13459
1 13610
0 13471
3 13427
1 13624
1 13625
2 13474
3 13469
1 13668
2 13516
0 13569
0 13570
1 13712
1 13713
3 13520
1 13714
1 13715
0 13571
1 13716
1 13717
3 13521
2 13559
1 13744
0 13611
1 13745
0 13612
1 13746
2 13600
2 13641
1 13832
2 13681
0 13757
3 13677
2 13721
3 13706
0 13797
1 13911
2 13761
1 13961
2 13800
2 13839
1 14047
3 13817
2 13878
2 13916
2 13953
2 13990
2 14027
3 13986
3 13987
2 14064
2 14101
1 14322
1 14323
1 14324
3 14103
0 14209
0 14210
1 14325
2 14137
0 14240
0 14241
0 14242
0 14245
3 14136
0 14246
2 14174
3 14186
1 14390
3 14187
0 14292
0 14293
1 14391
1 14392
0 14294
1 14394
0 14295
0 14296
2 14210
3 14229
1 14435
0 14341
2 14243
0 14394
0 14395
1 14476
3 14270
2 14275
0 14432
0 14433
0 14434
0 14435
3 14306
2 14306
2 14336
3 14358
0 14478
0 14479
3 14359
1 14546
0 14480
0 14481
2 14366
2 14395
2 14425
1 14627
3 14439
3 14440
2 14454
2 14483
2 14512
0 14641
1 14687
2 14541
0 14670
3 14517
0 14671
0 14672
3 14518
3 14519
2 14565
2 14589
0 14728
0 14732
1 14755
2 14615
2 14638
3 14605
1 14802
0 14773
0 14774
2 14660
3 14636
1 14829
3 14637
3 14639
0 14803
2 14681
0 14822
1 14844
0 14823
2 14699
3 14677
1 14863
0 14847
1 14864
