2 741
0 731
2 772
3 766
1 786
3 767
3 768
2 777
2 780
3 776
3 777
1 796
0 770
3 817
3 818
3 819
0 797
0 820
1 871
2 846
3 861
2 847
0 849
2 865
3 874
3 876
3 877
2 866
2 867
2 868
1 901
2 894
2 895
2 896
1 921
1 947
1 965
0 961
3 990
3 991
1 993
3 1012
3 1013
0 995
1 1034
3 1040
2 1036
1 1041
2 1052
0 1044
1 1083
3 1087
0 1083
2 1132
1 1124
2 1133
1 1125
2 1134
1 1126
3 1125
0 1121
0 1162
1 1224
2 1213
0 1205
1 1260
3 1246
3 1247
0 1251
3 1271
2 1307
0 1297
3 1307
3 1308
3 1309
0 1344
1 1389
3 1368
2 1400
3 1369
0 1391
2 1458
1 1439
3 1417
1 1440
1 1441
2 1459
3 1418
3 1419
0 1441
0 1491
2 1540
3 1511
2 1541
0 1541
3 1563
3 1564
3 1565
0 1591
1 1634
0 1641
0 1691
3 1702
2 1729
3 1703
0 1741
3 1748
1 1750
3 1749
1 1751
1 1752
0 1791
1 1792
1 1793
3 1816
0 1841
2 1881
1 1856
1 1857
0 1891
2 1929
1 1915
1 1916
1 1917
2 1931
2 1932
0 1941
2 1998
3 1963
0 1991
3 2009
2 2041
3 2010
3 2011
0 2041
3 2069
1 2084
2 2108
2 2109
2 2110
0 2091
3 2128
0 2141
1 2188
2 2216
2 2217
0 2191
3 2240
3 2241
1 2224
1 2225
2 2261
1 2226
1 2227
3 2242
3 2243
2 2262
3 2244
3 2245
1 2228
1 2229
2 2263
0 2241
0 2291
3 2332
0 2341
0 2391
2 2453
2 2454
0 2441
1 2441
1 2442
0 2491
0 2540
3 2573
1 2528
1 2529
1 2530
2 2581
3 2574
3 2575
1 2531
2 2582
0 2590
0 2640
3 2666
3 2667
3 2668
3 2669
1 2618
0 2690
3 2721
0 2739
3 2763
0 2789
1 2763
0 2839
0 2889
3 2946
0 2939
0 2989
3 3060
3 3061
0 3039
3 3105
1 3028
2 3108
1 3029
0 3089
1 3114
1 3115
2 3161
3 3162
1 3116
0 3140
2 3201
3 3221
0 3190
1 3208
3 3254
1 3209
1 3210
3 3255
1 3211
0 3240
3 3291
2 3302
2 3303
0 3290
2 3354
1 3331
0 3340
1 3372
3 3375
1 3373
1 3374
1 3375
0 3390
1 3423
3 3416
2 3432
3 3417
0 3440
3 3457
3 3458
1 3477
2 3474
1 3478
3 3459
3 3460
0 3489
1 3529
0 3538
1 3552
3 3542
1 3553
1 3554
0 3588
0 3638
3 3646
1 3647
2 3660
1 3648
3 3647
1 3649
3 3649
2 3661
2 3662
1 3650
3 3650
1 3651
2 3663
0 3689
3 3706
0 3739
2 3780
3 3757
2 3781
2 3782
0 3790
3 3804
1 3825
0 3840
2 3893
3 3861
3 3862
2 3898
3 3868
0 3893
0 3943
3 3979
0 3993
0 4043
0 4092
1 4126
0 4142
2 4207
0 4192
3 4214
0 4242
0 4292
0 4342
0 4390
3 4397
1 4442
0 4437
1 4496
2 4494
2 4498
2 4501
3 4455
0 4492
3 4494
2 4567
2 4568
2 4569
3 4495
2 4570
3 4496
2 4571
0 4543
3 4546
1 4606
1 4607
1 4608
0 4592
0 4642
3 4634
2 4697
2 4698
3 4635
3 4636
2 4699
1 4680
3 4637
1 4681
1 4682
3 4639
1 4685
1 4687
2 4703
3 4643
1 4689
0 4691
0 4741
2 4824
2 4825
1 4792
0 4791
2 4882
2 4883
2 4884
1 4842
2 4885
2 4886
2 4887
0 4841
2 4957
2 4958
1 4903
0 4891
0 4942
3 4971
3 4972
3 4973
1 5003
3 4974
1 5004
0 4992
0 5042
3 5052
1 5086
1 5087
0 5092
0 5142
1 5190
1 5191
0 5192
3 5211
3 5212
1 5257
3 5213
3 5214
0 5242
3 5273
1 5324
1 5325
3 5274
0 5292
3 5319
3 5320
1 5379
1 5380
3 5321
3 5322
0 5341
3 5356
0 5392
2 5518
1 5475
3 5405
2 5519
1 5476
3 5406
3 5407
1 5477
0 5442
1 5546
2 5578
0 5493
2 5633
0 5543
0 5593
1 5698
1 5699
3 5583
3 5584
0 5643
3 5644
0 5693
3 5687
1 5803
3 5689
0 5744
0 5794
3 5756
2 5873
2 5874
1 5864
3 5757
1 5865
0 5844
1 5921
2 5925
3 5824
3 5825
2 5926
2 5927
1 5922
3 5826
3 5827
0 5894
2 5978
0 5944
3 5908
0 5994
2 6082
3 5961
0 6044
2 6142
3 6029
0 6094
3 6069
2 6180
2 6181
1 6179
1 6180
3 6072
0 6145
0 6195
2 6259
0 6245
1 6322
3 6220
2 6316
3 6221
2 6317
1 6323
0 6295
0 6345
3 6308
0 6394
1 6462
2 6441
0 6444
2 6504
3 6410
1 6515
1 6516
1 6517
3 6411
0 6494
2 6557
1 6563
0 6544
1 6610
0 6594
0 6644
0 6691
0 6741
2 6781
0 6791
2 6840
1 6872
0 6841
1 6913
2 6889
2 6892
2 6894
1 6923
3 6805
1 6924
2 6895
3 6806
3 6807
3 6808
3 6809
0 6896
0 6946
3 6915
2 7003
1 7037
2 7007
1 7042
3 6928
1 7043
0 7003
2 7062
2 7065
2 7069
1 7096
1 7097
0 7058
1 7162
1 7163
1 7164
0 7108
3 7065
2 7137
3 7078
2 7145
3 7080
1 7211
3 7081
3 7082
1 7212
1 7213
2 7151
0 7168
0 7216
1 7310
1 7311
1 7312
1 7313
3 7168
3 7169
3 7170
2 7257
1 7314
2 7258
2 7259
2 7260
1 7315
0 7269
1 7367
2 7312
2 7313
0 7319
3 7264
0 7369
1 7460
2 7403
2 7404
3 7317
2 7405
1 7461
0 7419
0 7469
3 7408
0 7519
2 7562
0 7569
3 7513
2 7615
2 7616
0 7619
1 7712
3 7557
1 7713
2 7668
0 7669
3 7598
1 7769
1 7770
3 7599
2 7722
1 7771
0 7719
2 7764
2 7765
3 7649
0 7769
0 7819
2 7903
3 7798
1 7953
0 7868
3 7850
2 7962
3 7851
2 7963
1 8015
2 7964
2 7965
3 7852
3 7853
1 8016
3 7854
1 8017
0 7918
2 8029
2 8030
1 8075
3 7903
3 7904
2 8031
0 7968
2 8069
1 8129
0 8018
1 8177
3 7976
3 7977
0 8068
1 8228
0 8119
1 8288
0 8169
1 8340
1 8341
1 8342
3 8149
1 8343
0 8219
3 8198
3 8199
2 8327
1 8397
3 8200
0 8269
2 8367
0 8319
1 8485
2 8420
0 8369
1 8526
0 8419
1 8576
2 8529
2 8530
1 8577
0 8469
3 8430
3 8431
2 8594
3 8432
2 8595
3 8433
3 8434
2 8596
2 8597
3 8435
1 8647
3 8436
0 8520
2 8662
2 8663
3 8490
3 8491
1 8704
2 8664
3 8492
0 8570
0 8620
3 8618
2 8779
0 8670
0 8719
1 8937
3 8724
3 8725
3 8726
0 8769
1 9001
3 8774
3 8777
2 8954
1 9003
2 8955
0 8819
2 8979
1 9035
3 8809
2 8980
3 8810
0 8869
0 8919
3 8889
3 8890
2 9072
1 9123
1 9124
3 8891
2 9073
3 8892
3 8893
0 8969
2 9128
3 8944
3 8945
0 9020
3 8987
3 8988
1 9198
3 8989
3 8990
3 8991
2 9179
1 9199
3 8992
2 9180
3 8993
1 9200
3 8994
0 9070
1 9267
1 9268
1 9269
0 9120
2 9296
1 9325
0 9169
3 9155
3 9156
2 9337
3 9157
3 9158
2 9338
3 9159
2 9339
3 9160
3 9161
2 9340
2 9341
0 9219
3 9210
1 9417
2 9386
1 9418
0 9268
1 9463
1 9464
0 9317
0 9365
1 9584
2 9526
0 9414
3 9406
0 9463
2 9604
0 9512
0 9561
0 9610
1 9805
2 9755
2 9756
3 9576
2 9757
1 9806
1 9807
0 9660
1 9854
1 9855
1 9856
0 9709
3 9675
0 9758
1 9962
3 9732
1 9963
2 9931
1 9964
1 9965
2 9932
2 9933
2 9934
1 9966
3 9733
0 9807
2 9988
1 10007
0 9856
1 10074
1 10075
1 10076
1 10077
1 10078
2 10054
3 9845
2 10055
0 9905
0 9953
0 10002
1 10179
0 10051
2 10195
0 10100
3 10050
2 10239
1 10255
0 10149
2 10282
1 10310
1 10311
1 10312
2 10283
0 10197
2 10321
2 10322
2 10323
0 10247
2 10368
2 10369
2 10370
1 10398
0 10296
0 10345
0 10394
2 10500
3 10322
0 10443
3 10346
1 10574
2 10542
3 10347
0 10492
2 10590
0 10541
0 10590
0 10639
3 10529
1 10790
1 10791
0 10687
0 10735
0 10783
1 10921
1 10922
0 10831
3 10722
3 10723
3 10724
0 10879
1 11035
1 11036
1 11037
2 10996
2 10997
0 10927
1 11078
3 10836
2 11052
3 10837
2 11053
3 10838
0 10975
0 11023
0 11071
1 11227
1 11228
2 11193
1 11229
1 11230
2 11194
1 11231
2 11195
1 11232
3 10986
0 11119
0 11167
0 11215
2 11331
1 11376
2 11332
0 11263
0 11309
0 11356
0 11402
0 11449
3 11371
2 11563
2 11564
2 11565
1 11634
1 11635
2 11566
2 11567
1 11636
0 11496
3 11414
2 11612
0 11543
3 11465
3 11466
2 11660
3 11467
1 11724
2 11661
1 11725
0 11590
0 11637
3 11553
3 11554
3 11555
0 11684
2 11796
3 11604
0 11731
1 11867
3 11635
1 11868
2 11842
1 11869
1 11870
0 11777
2 11884
0 11824
0 11871
2 11978
2 11979
2 11980
2 11981
0 11917
1 12028
0 11963
1 12074
1 12075
1 12078
1 12079
2 12068
0 12009
1 12130
0 12055
1 12179
2 12139
1 12180
3 11968
1 12181
2 12140
0 12101
2 12174
3 12011
3 12012
0 12147
2 12207
3 12057
0 12193
0 12239
1 12335
3 12166
3 12167
3 12169
2 12291
1 12339
1 12340
1 12341
0 12286
0 12332
3 12257
0 12378
0 12424
3 12355
1 12538
1 12539
0 12470
2 12521
3 12399
1 12593
2 12522
2 12523
1 12594
0 12515
1 12655
3 12448
1 12656
1 12658
0 12562
0 12608
1 12768
3 12556
1 12769
0 12653
2 12709
3 12608
2 12710
0 12699
3 12655
2 12756
2 12757
2 12758
3 12656
0 12744
2 12796
1 12910
2 12797
0 12789
0 12834
3 12794
0 12879
3 12838
2 12921
0 12924
0 12968
0 13011
0 13055
0 13098
0 13135
0 13177
0 13219
0 13262
2 13262
3 13226
2 13265
1 13416
2 13267
3 13229
3 13230
3 13231
3 13232
2 13269
0 13311
2 13307
1 13465
0 13355
0 13394
0 13431
1 13587
3 13379
0 13454
3 13411
1 13606
2 13459
3 13446
0 13506
2 13501
0 13553
1 13704
1 13705
2 13543
2 13585
1 13779
3 13569
0 13647
1 13780
2 13625
1 13824
0 13692
3 13611
0 13695
2 13666
1 13858
0 13739
0 13740
1 13859
1 13860
0 13741
2 13706
0 13784
3 13696
0 13785
0 13786
2 13746
0 13835
3 13737
0 13836
3 13738
0 13837
0 13838
3 13739
2 13785
1 13981
2 13824
0 13919
1 14022
3 13796
3 13797
3 13798
1 14023
3 13799
2 13861
3 13847
1 14075
1 14076
0 13960
0 13961
2 13901
0 13991
2 13939
3 13912
1 14144
0 14033
1 14145
0 14034
1 14146
3 13913
2 13976
1 14190
3 13941
2 14013
1 14219
1 14220
0 14097
1 14221
1 14222
0 14098
2 14050
2 14086
3 14080
3 14081
3 14082
3 14083
1 14304
0 14195
3 14084
2 14122
2 14158
3 14165
2 14191
1 14414
0 14318
0 14319
3 14211
3 14212
1 14415
0 14320
3 14213
1 14416
2 14227
3 14247
1 14456
0 14363
1 14457
1 14458
2 14258
0 14409
3 14285
2 14288
2 14319
3 14340
0 14464
1 14533
3 14341
0 14465
0 14468
0 14469
2 14350
1 14556
2 14380
1 14587
0 14519
0 14520
2 14410
0 14545
1 14611
1 14612
0 14546
0 14547
1 14615
3 14429
0 14548
2 14440
1 14635
2 14469
2 14498
2 14524
1 14693
0 14652
0 14653
1 14694
0 14654
0 14655
2 14552
0 14683
0 14684
2 14576
2 14600
2 14624
0 14753
2 14646
0 14786
1 14818
0 14787
1 14819
2 14668
3 14647
1 14833
2 14688
2 14707
1 14868
2 14725
