0 1248
1 1298
2 1303
3 1270
0 1294
3 1305
1 1340
0 1340
3 1365
3 1366
0 1387
1 1436
3 1415
2 1453
0 1437
1 1487
0 1487
1 1526
0 1537
1 1581
2 1579
2 1580
3 1556
2 1581
3 1557
2 1582
2 1583
1 1582
3 1558
1 1583
2 1584
3 1559
1 1584
2 1585
0 1587
2 1638
3 1616
2 1639
1 1632
0 1637
3 1652
0 1687
3 1698
3 1699
0 1737
3 1746
1 1747
2 1777
0 1787
3 1812
3 1813
0 1837
3 1863
2 1877
1 1853
3 1864
2 1878
3 1865
2 1879
0 1887
3 1896
2 1923
2 1924
2 1925
1 1907
0 1937
0 1987
1 2019
0 2037
1 2079
3 2066
2 2101
2 2102
3 2067
0 2088
1 2139
1 2140
1 2141
0 2138
2 2215
0 2188
2 2259
1 2223
0 2238
2 2307
0 2289
3 2331
0 2339
2 2405
2 2406
1 2349
2 2407
1 2350
2 2408
2 2409
3 2374
2 2410
3 2376
2 2411
0 2390
0 2439
3 2468
2 2495
2 2496
3 2469
1 2438
3 2470
3 2471
1 2439
3 2472
3 2473
1 2440
0 2489
3 2538
3 2539
2 2547
0 2538
0 2588
0 2638
0 2688
3 2717
0 2738
1 2717
3 2762
1 2718
0 2788
3 2810
1 2762
2 2811
0 2838
0 2887
2 2926
3 2943
2 2927
3 2944
1 2868
0 2937
1 2915
0 2987
3 3058
1 2990
3 3059
0 3037
3 3104
0 3087
0 3138
3 3217
2 3197
3 3218
2 3198
2 3199
1 3171
0 3188
3 3249
1 3205
2 3233
2 3234
2 3235
1 3206
0 3238
0 3288
2 3353
0 3338
0 3388
3 3415
0 3438
1 3475
1 3476
0 3488
0 3539
0 3589
3 3595
0 3639
3 3648
0 3688
0 3737
0 3786
1 3822
3 3797
3 3798
3 3799
2 3829
3 3800
3 3801
3 3802
3 3803
1 3824
0 3839
0 3882
2 3957
0 3932
1 3968
3 3973
2 4017
1 3969
1 3970
3 3974
2 4018
2 4019
0 3982
3 4010
1 4012
2 4052
3 4011
3 4012
1 4013
2 4053
1 4014
1 4015
1 4016
2 4054
2 4055
3 4013
3 4014
0 4033
0 4083
3 4094
3 4095
2 4141
0 4132
0 4182
2 4258
3 4203
2 4259
1 4218
3 4204
3 4205
3 4206
1 4219
0 4232
0 4282
1 4321
1 4322
1 4323
2 4345
1 4324
1 4325
3 4295
0 4332
0 4382
1 4429
0 4432
1 4494
2 4488
0 4482
3 4491
0 4532
1 4587
0 4582
3 4589
3 4590
3 4591
2 4649
0 4632
0 4682
1 4745
1 4746
2 4764
3 4694
0 4731
2 4815
2 4816
0 4781
0 4831
1 4895
3 4852
1 4896
3 4853
3 4854
2 4947
0 4881
3 4895
1 4927
3 4896
3 4897
1 4928
2 4991
1 4931
1 4932
3 4898
2 4992
0 4931
0 4981
1 5046
1 5047
1 5048
1 5049
1 5050
3 5016
2 5120
0 5031
0 5081
1 5122
0 5131
2 5248
1 5180
1 5181
3 5146
2 5249
1 5182
0 5181
2 5308
3 5198
1 5247
2 5309
1 5248
0 5231
1 5314
3 5260
0 5281
1 5366
1 5367
1 5368
1 5369
2 5410
1 5370
1 5371
1 5372
2 5411
2 5412
3 5309
3 5310
2 5413
0 5331
2 5466
2 5467
2 5468
1 5412
0 5381
2 5511
1 5467
0 5431
1 5527
3 5451
0 5481
2 5621
2 5622
2 5623
0 5531
2 5663
2 5664
1 5635
1 5636
3 5539
1 5637
2 5665
0 5581
1 5686
3 5580
0 5632
1 5740
0 5682
0 5731
2 5831
2 5832
0 5781
2 5868
0 5831
3 5797
2 5910
2 5911
3 5799
2 5912
0 5881
1 5955
1 5956
1 5957
2 5967
2 5968
3 5861
0 5931
1 6010
1 6011
1 6012
1 6013
1 6014
2 6022
0 5981
2 6075
2 6076
3 5956
2 6077
1 6083
3 5957
0 6031
2 6121
3 6007
0 6081
1 6165
2 6167
3 6055
2 6168
3 6056
3 6057
2 6169
1 6166
1 6167
0 6132
0 6182
1 6255
3 6154
0 6231
3 6206
2 6302
0 6280
2 6357
1 6353
3 6259
0 6330
2 6391
0 6380
3 6354
0 6430
2 6489
1 6499
3 6397
2 6490
3 6398
1 6500
3 6399
2 6491
3 6400
0 6480
0 6530
3 6500
1 6595
0 6580
2 6630
1 6655
0 6630
2 6676
0 6678
3 6641
3 6642
1 6749
1 6750
0 6728
1 6803
0 6777
2 6817
3 6734
1 6856
3 6735
2 6818
3 6736
2 6819
2 6821
1 6859
2 6823
2 6826
0 6831
2 6877
2 6879
1 6908
2 6880
0 6884
3 6841
1 6958
0 6935
0 6978
0 7028
0 7078
3 7047
1 7183
0 7128
2 7165
2 7169
1 7237
1 7238
2 7175
3 7104
0 7184
3 7148
0 7234
2 7284
0 7283
3 7235
1 7382
3 7236
0 7333
0 7383
3 7336
1 7479
1 7480
0 7433
2 7490
3 7386
2 7491
1 7537
0 7483
3 7413
3 7414
2 7534
2 7535
3 7415
2 7536
0 7533
1 7624
3 7469
3 7470
2 7577
1 7625
2 7578
3 7471
0 7583
0 7634
1 7729
0 7684
1 7780
2 7732
2 7733
3 7607
0 7734
0 7784
3 7750
3 7751
1 7900
0 7834
1 7961
2 7918
2 7919
1 7962
0 7884
2 7985
0 7934
0 7984
1 8147
2 8091
1 8148
3 7950
3 7951
2 8094
3 7952
1 8150
1 8151
2 8095
2 8096
0 8034
0 8084
3 8052
0 8133
3 8114
1 8307
1 8308
2 8251
3 8115
2 8252
1 8309
0 8183
1 8359
1 8360
0 8232
2 8335
1 8404
3 8213
2 8339
2 8340
0 8283
2 8382
1 8442
1 8443
0 8333
3 8297
0 8383
1 8535
0 8433
3 8400
1 8593
1 8594
0 8483
0 8533
1 8717
1 8718
2 8679
1 8719
3 8508
2 8680
0 8584
2 8724
2 8725
2 8726
2 8727
3 8577
1 8778
1 8779
3 8578
0 8634
2 8798
3 8629
0 8684
2 8839
3 8671
2 8840
1 8879
1 8880
2 8841
0 8733
1 8947
2 8896
0 8783
2 8960
1 9010
0 8833
1 9047
0 8883
0 8933
2 9085
2 9086
0 8983
2 9136
0 9033
3 9007
3 9008
3 9010
3 9011
0 9084
3 9066
3 9067
0 9134
0 9183
0 9232
1 9425
1 9426
1 9427
2 9401
1 9428
3 9227
3 9228
3 9229
3 9230
0 9281
3 9275
3 9276
2 9443
1 9476
0 9330
0 9379
1 9591
0 9428
3 9414
1 9637
1 9638
3 9415
0 9477
2 9625
0 9525
0 9574
1 9772
1 9773
2 9720
2 9721
1 9775
0 9625
3 9582
3 9583
2 9765
3 9584
1 9817
0 9674
1 9869
3 9638
0 9724
2 9884
3 9700
1 9925
3 9701
1 9926
2 9885
1 9927
1 9928
2 9886
0 9773
3 9753
2 9953
3 9754
0 9822
3 9804
1 10036
0 9870
0 9919
1 10122
3 9899
2 10102
0 9968
0 10017
2 10158
3 9979
1 10190
0 10066
0 10115
1 10263
1 10264
3 10061
2 10250
3 10062
2 10251
1 10265
1 10268
2 10252
2 10253
0 10165
0 10214
2 10347
3 10160
3 10161
0 10263
1 10413
1 10414
3 10202
2 10388
1 10415
1 10416
0 10312
3 10239
1 10448
3 10240
3 10241
2 10418
2 10419
0 10361
1 10492
2 10469
0 10410
2 10516
0 10459
2 10554
1 10593
2 10555
1 10594
0 10507
3 10418
1 10642
1 10643
2 10604
2 10605
3 10419
1 10645
0 10557
0 10606
0 10655
2 10767
2 10768
0 10703
0 10751
3 10632
1 10895
2 10878
3 10634
2 10879
3 10635
0 10799
2 10915
1 10939
0 10847
3 10744
1 10997
1 10998
0 10895
2 11022
2 11023
2 11024
2 11025
1 11052
3 10801
3 10802
3 10803
2 11026
0 10943
1 11095
1 11096
0 10991
0 11039
3 10953
3 10954
0 11087
2 11211
0 11135
2 11246
1 11288
3 11036
0 11183
0 11231
1 11394
3 11145
2 11345
1 11395
2 11346
2 11347
3 11146
0 11278
3 11194
2 11391
1 11447
2 11393
3 11195
3 11196
2 11394
2 11395
0 11326
2 11442
0 11373
3 11286
1 11550
3 11287
2 11480
3 11289
3 11290
2 11481
1 11551
1 11552
2 11482
0 11420
2 11526
3 11335
0 11467
0 11514
3 11437
2 11630
3 11438
1 11694
1 11695
2 11631
0 11562
3 11484
0 11609
1 11775
1 11776
2 11726
3 11524
1 11777
2 11728
2 11729
0 11657
3 11582
0 11704
2 11819
0 11751
0 11798
3 11699
0 11845
0 11891
2 11997
2 11998
2 11999
3 11793
2 12000
2 12001
3 11794
0 11937
2 12044
0 11983
1 12097
0 12029
2 12116
0 12075
3 11986
1 12195
1 12196
3 11987
0 12121
2 12186
2 12187
1 12227
2 12188
2 12189
0 12167
0 12213
0 12258
1 12364
0 12304
1 12400
0 12350
3 12287
2 12404
0 12396
1 12516
0 12442
3 12369
3 12370
2 12495
1 12558
1 12559
0 12489
2 12547
0 12534
0 12580
1 12724
0 12625
2 12677
2 12678
1 12788
0 12671
2 12730
3 12633
1 12842
0 12716
3 12671
3 12672
1 12880
2 12771
0 12761
0 12807
0 12852
2 12889
0 12896
0 12941
0 12985
0 13029
1 13196
0 13073
3 13041
0 13112
2 13130
0 13157
0 13199
2 13192
0 13241
0 13283
1 13427
0 13326
1 13482
2 13327
0 13368
3 13320
0 13409
2 13421
2 13442
3 13434
1 13633
3 13435
0 13487
0 13488
2 13484
0 13537
2 13526
2 13568
1 13751
0 13621
3 13556
0 13622
0 13623
2 13609
2 13650
1 13842
3 13638
2 13691
2 13731
3 13720
0 13811
1 13932
1 13933
1 13934
0 13812
0 13813
3 13721
0 13814
3 13722
0 13815
3 13723
3 13724
2 13771
0 13870
0 13871
1 13970
2 13810
0 13907
1 14008
1 14009
0 13908
3 13785
3 13786
0 13909
0 13910
1 14011
3 13787
1 14012
3 13788
0 13912
0 13913
2 13850
1 14058
1 14059
0 13944
2 13889
1 14096
1 14097
3 13869
1 14098
0 13982
1 14099
2 13927
0 14020
0 14021
3 13909
1 14137
2 13964
1 14171
0 14060
2 14001
1 14212
3 13960
0 14089
2 14038
1 14247
3 14003
1 14248
3 14004
0 14131
0 14132
1 14249
2 14074
2 14110
3 14105
2 14146
0 14255
0 14256
3 14140
3 14141
3 14142
0 14257
2 14181
1 14403
1 14404
3 14197
1 14405
3 14198
3 14199
3 14200
2 14216
0 14350
1 14445
0 14351
1 14446
0 14352
0 14353
3 14236
2 14247
2 14277
2 14308
3 14332
2 14338
1 14547
2 14367
0 14508
1 14573
1 14574
3 14384
1 14575
1 14576
2 14397
3 14418
1 14599
2 14427
0 14557
0 14558
2 14456
3 14458
1 14644
3 14459
3 14460
2 14485
0 14615
2 14514
1 14685
1 14686
2 14540
3 14516
1 14709
0 14669
0 14673
0 14674
0 14675
3 14520
1 14710
2 14566
0 14696
3 14548
2 14590
2 14612
2 14635
1 14796
0 14769
3 14602
1 14797
3 14603
2 14657
1 14822
3 14630
0 14791
0 14792
0 14793
3 14631
0 14794
3 14632
0 14795
0 14796
1 14823
3 14633
1 14824
0 14797
1 14825
3 14634
0 14798
1 14826
0 14799
0 14800
1 14827
1 14828
2 14678
1 14837
1 14838
0 14819
2 14698
0 14844
3 14675
0 14845
2 14716
2 14735
2 14749
1 14903
3 14723
1 14904
2 14763
3 14739
1 14920
3 14740
0 14900
1 14921
0 14901
2 14777
2 14789
0 14924
2 14799
3 14774
0 14931
1 14955
1 14956
3 14775
0 14932
0 14933
2 14810
2 14823
3 14803
2 14831
3 14817
3 14818
0 14968
2 14839
3 14826
2 14848
1 14993
0 14980
3 14833
2 14857
2 14865
2 14873
1 15006
2 14882
2 14889
1 15018
1 15019
3 14860
0 15006
0 15007
3 14861
3 14862
2 14896
0 15010
2 14902
1 15026
1 15027
0 15015
2 14908
1 15029
2 14915
0 15026
2 14920
3 14884
1 15041
2 14926
1 15045
0 15031
3 14888
0 15032
2 14930
2 14934
3 14892
1 15052
3 14893
2 14938
2 14940
2 14941
2 14942
3 14897
1 15057
1 15058
3 14898
1 15059
2 14943
2 14944
