3 1354
2 1393
2 1394
2 1395
1 1380
3 1358
2 1396
1 1381
1 1382
3 1359
3 1360
1 1383
1 1384
0 1382
0 1432
0 1482
3 1504
3 1505
0 1532
0 1582
1 1623
0 1631
3 1647
2 1677
1 1673
2 1678
2 1679
3 1648
1 1674
1 1675
2 1680
0 1681
1 1709
1 1710
2 1722
0 1731
2 1775
0 1781
3 1798
3 1799
3 1800
1 1784
3 1801
0 1831
1 1842
0 1881
2 1916
3 1891
0 1931
2 1983
3 1949
3 1950
1 1966
1 1967
3 1951
2 1984
1 1968
1 1969
3 1952
3 1953
1 1970
1 1972
1 1973
3 1956
2 1985
1 1974
2 1986
2 1987
3 1957
2 1988
3 1958
0 1983
1 2013
1 2014
2 2038
3 2004
1 2015
1 2016
3 2005
3 2006
2 2039
3 2007
0 2034
0 2084
2 2158
0 2134
3 2184
1 2181
3 2185
2 2208
3 2186
2 2209
1 2182
1 2183
2 2210
1 2184
2 2211
1 2185
1 2186
3 2188
3 2189
0 2185
1 2221
1 2222
0 2235
1 2268
2 2304
2 2305
3 2282
0 2285
3 2322
3 2323
2 2350
2 2351
3 2324
2 2352
1 2301
2 2353
3 2325
2 2354
2 2355
2 2357
0 2334
3 2369
2 2399
0 2384
3 2421
2 2447
2 2448
0 2434
0 2484
3 2528
0 2534
3 2572
0 2584
2 2615
2 2616
2 2617
3 2597
2 2618
3 2598
1 2558
2 2619
1 2559
2 2620
3 2599
3 2600
2 2621
1 2560
3 2601
3 2602
0 2635
1 2609
1 2610
1 2611
2 2675
3 2659
3 2660
1 2612
1 2613
1 2614
0 2685
2 2715
2 2716
3 2708
2 2717
1 2669
3 2709
1 2670
0 2735
0 2785
2 2807
3 2806
3 2807
0 2835
3 2889
0 2885
3 2941
0 2935
2 2994
0 2985
2 3060
2 3061
0 3035
1 3026
0 3085
3 3160
0 3135
1 3169
1 3170
3 3212
3 3213
3 3214
0 3186
3 3245
1 3203
3 3246
2 3232
1 3204
3 3247
3 3248
0 3236
1 3270
2 3298
1 3271
2 3299
1 3272
2 3300
3 3289
0 3286
2 3351
0 3336
3 3371
3 3372
2 3388
2 3389
3 3373
1 3370
0 3386
0 3436
0 3486
3 3503
3 3504
0 3536
0 3586
3 3594
0 3636
3 3644
1 3645
2 3658
2 3659
0 3686
2 3718
0 3736
3 3750
2 3776
1 3776
3 3751
1 3777
2 3777
3 3752
3 3753
2 3778
3 3754
1 3778
3 3755
2 3779
1 3779
0 3788
1 3823
0 3837
2 3890
3 3857
0 3886
0 3936
0 3986
0 4035
3 4049
0 4085
0 4135
1 4165
3 4156
1 4166
0 4185
2 4260
2 4261
1 4222
3 4209
1 4223
2 4262
3 4210
2 4263
0 4237
0 4287
0 4337
0 4387
3 4394
2 4435
1 4441
3 4396
2 4438
1 4445
2 4439
2 4440
0 4442
1 4501
1 4502
2 4499
3 4454
3 4459
0 4495
1 4558
2 4572
0 4545
2 4607
3 4549
1 4611
0 4594
0 4644
0 4693
3 4705
2 4774
1 4750
0 4743
3 4748
0 4793
3 4810
1 4843
1 4844
3 4811
1 4845
2 4890
3 4812
3 4813
2 4891
1 4846
0 4843
1 4904
0 4893
3 4916
2 5001
3 4917
3 4918
1 4951
2 5002
2 5004
0 4944
3 4975
0 4994
0 5044
3 5054
1 5088
3 5055
0 5094
1 5133
2 5198
3 5099
1 5135
3 5100
0 5144
2 5257
2 5258
0 5194
3 5218
2 5320
1 5259
1 5260
2 5321
2 5322
1 5262
3 5219
3 5220
3 5221
3 5222
1 5263
0 5245
2 5373
1 5327
1 5328
2 5374
0 5294
0 5344
2 5484
3 5361
3 5362
3 5363
1 5431
1 5432
3 5364
0 5394
0 5444
1 5547
0 5494
1 5609
3 5511
2 5635
3 5512
1 5610
2 5636
1 5611
0 5544
1 5648
0 5594
2 5705
0 5644
3 5645
3 5646
2 5748
1 5757
3 5647
0 5694
1 5802
0 5743
2 5841
2 5842
1 5837
0 5793
3 5754
3 5755
0 5843
1 5920
2 5923
3 5823
2 5924
0 5893
1 5973
2 5976
2 5977
3 5877
1 5974
1 5975
3 5878
3 5879
0 5943
1 6022
0 5993
0 6043
3 6028
0 6093
0 6142
1 6218
3 6117
0 6193
0 6242
0 6292
0 6342
2 6399
3 6305
1 6403
2 6400
0 6392
1 6463
0 6439
1 6512
0 6489
1 6555
1 6556
1 6557
1 6558
0 6538
0 6587
0 6637
3 6597
2 6683
2 6686
2 6689
3 6608
0 6693
3 6656
3 6657
1 6764
1 6765
2 6736
3 6658
3 6659
3 6660
0 6743
0 6794
3 6754
1 6871
0 6840
2 6888
0 6889
2 6931
0 6939
3 6904
2 6995
1 7022
1 7023
2 7001
0 6996
0 7044
0 7093
1 7194
0 7143
0 7193
2 7232
0 7244
2 7289
3 7201
2 7290
3 7202
1 7345
1 7346
2 7291
3 7203
3 7204
1 7347
0 7295
0 7345
0 7394
0 7444
2 7500
3 7397
3 7398
0 7494
2 7546
2 7547
1 7588
3 7425
0 7544
3 7483
3 7484
2 7591
2 7592
2 7593
2 7594
1 7643
3 7485
2 7595
2 7596
1 7644
3 7486
3 7487
0 7594
1 7684
3 7530
1 7685
2 7631
0 7644
0 7694
2 7739
1 7791
3 7616
3 7617
2 7740
1 7792
3 7618
0 7744
0 7794
2 7867
1 7911
0 7844
2 7934
2 7935
2 7936
2 7937
2 7938
3 7813
3 7814
0 7892
3 7878
3 7879
2 7994
0 7943
3 7914
3 7915
0 7993
1 8154
2 8102
2 8103
2 8104
1 8155
1 8159
3 7959
2 8106
2 8107
2 8108
2 8109
2 8110
0 8044
3 8006
0 8094
1 8260
3 8063
3 8064
0 8144
3 8126
0 8194
0 8244
3 8218
0 8294
2 8393
3 8261
0 8344
1 8508
0 8394
3 8359
1 8553
2 8501
2 8502
0 8444
0 8494
3 8461
1 8672
1 8673
1 8674
2 8627
0 8544
0 8595
1 8783
3 8582
1 8784
1 8785
3 8583
2 8735
1 8786
3 8584
3 8585
2 8736
0 8643
2 8804
1 8838
0 8693
1 8901
0 8743
3 8740
3 8741
3 8742
3 8743
3 8744
3 8745
0 8793
3 8793
0 8843
1 9055
2 9006
1 9056
0 8893
2 9039
0 8943
3 8917
0 8993
0 9043
3 9026
1 9233
0 9093
1 9291
0 9143
1 9343
1 9344
3 9130
2 9312
3 9131
1 9345
1 9346
0 9193
3 9183
3 9184
1 9393
1 9394
3 9185
0 9243
0 9292
3 9287
2 9454
2 9455
2 9456
3 9288
3 9289
3 9290
2 9457
0 9341
0 9390
2 9542
2 9543
2 9544
2 9545
2 9546
1 9599
2 9547
2 9548
0 9439
2 9588
3 9420
3 9421
0 9488
1 9698
0 9537
3 9520
3 9521
0 9586
2 9730
3 9562
1 9784
0 9635
1 9825
2 9774
2 9775
3 9592
0 9684
2 9828
2 9829
2 9830
1 9882
3 9648
2 9834
1 9884
2 9835
2 9836
2 9837
2 9838
3 9649
2 9839
2 9840
3 9650
2 9841
1 9887
1 9888
3 9653
1 9889
1 9890
1 9891
3 9654
2 9843
3 9655
1 9892
3 9656
0 9733
2 9891
3 9707
0 9782
2 9959
2 9960
2 9961
3 9758
2 9962
3 9759
1 9988
0 9831
0 9879
0 9929
3 9916
0 9977
0 10026
0 10075
0 10123
1 10270
3 10068
3 10069
1 10271
3 10070
2 10257
0 10172
3 10124
0 10221
2 10353
0 10270
0 10319
2 10429
0 10369
3 10287
3 10288
1 10503
3 10289
3 10290
3 10291
0 10418
1 10553
0 10467
0 10516
0 10565
3 10477
0 10614
1 10771
0 10662
1 10804
0 10710
2 10845
1 10867
2 10846
0 10758
3 10644
2 10883
0 10806
1 10947
2 10925
1 10948
1 10949
0 10854
3 10753
3 10754
2 10970
0 10902
0 10950
2 11084
1 11099
1 11100
3 10863
1 11101
3 10864
3 10865
1 11102
1 11103
2 11085
1 11104
1 11105
1 11106
2 11086
3 10866
0 10998
3 10903
3 10904
0 11046
3 10960
3 10961
3 10962
3 10963
2 11165
3 10964
2 11166
0 11094
1 11260
1 11261
2 11219
2 11220
0 11142
2 11253
3 11042
0 11189
0 11237
3 11152
3 11153
0 11284
1 11457
3 11202
3 11203
1 11458
3 11204
3 11205
2 11400
1 11459
2 11401
3 11206
2 11402
3 11207
2 11403
2 11404
2 11405
0 11333
3 11254
1 11510
3 11255
1 11511
2 11447
1 11512
0 11380
1 11556
1 11557
2 11488
1 11558
3 11295
2 11489
0 11427
2 11540
2 11541
0 11474
2 11592
1 11652
3 11394
1 11653
3 11395
2 11593
1 11654
0 11521
0 11568
0 11615
1 11782
3 11532
3 11533
2 11732
0 11662
1 11820
2 11782
0 11709
1 11855
3 11618
1 11856
3 11619
3 11620
0 11756
2 11863
3 11653
1 11889
0 11803
3 11702
0 11850
2 11959
1 11973
1 11974
1 11975
3 11749
2 11960
3 11750
2 11961
0 11896
1 12016
3 11798
3 11799
2 12006
3 11800
3 11801
3 11802
0 11942
0 11987
1 12099
3 11886
1 12100
3 11887
3 11888
0 12032
3 11937
2 12117
1 12152
1 12153
3 11938
2 12118
1 12154
1 12155
3 11939
2 12119
1 12156
1 12157
1 12160
3 11947
1 12161
1 12162
1 12163
3 11948
0 12078
1 12199
2 12160
1 12200
1 12201
0 12124
3 12036
3 12037
3 12038
1 12230
2 12192
3 12039
2 12193
3 12040
3 12041
1 12231
1 12232
3 12042
2 12194
1 12234
0 12171
0 12217
2 12270
2 12271
2 12272
3 12134
1 12313
2 12273
1 12314
0 12263
1 12370
1 12371
3 12195
1 12372
1 12373
1 12374
1 12375
2 12328
2 12329
0 12310
0 12356
3 12290
2 12413
2 12414
3 12291
3 12292
3 12293
2 12415
0 12402
2 12466
2 12467
0 12448
2 12501
1 12563
2 12504
0 12495
0 12540
1 12684
3 12465
2 12593
1 12685
2 12595
3 12468
2 12597
0 12585
3 12518
3 12519
0 12632
0 12678
0 12724
1 12884
2 12773
0 12769
0 12814
3 12776
1 12984
0 12859
1 13026
0 12904
0 12949
3 12897
1 13129
3 12898
3 12899
2 12983
2 12984
0 12993
2 13029
3 12941
1 13164
3 12942
0 13037
3 12995
0 13080
0 13119
3 13081
2 13136
0 13161
1 13317
1 13318
1 13319
0 13204
3 13157
0 13249
2 13238
0 13291
3 13247
3 13248
0 13332
0 13373
2 13381
1 13540
2 13387
3 13335
1 13552
3 13340
1 13553
1 13554
3 13341
2 13391
2 13394
2 13399
1 13564
3 13351
2 13407
2 13414
3 13372
1 13583
2 13431
2 13460
1 13648
1 13649
0 13507
0 13508
1 13650
3 13447
3 13448
3 13449
0 13509
0 13510
3 13450
1 13651
0 13511
0 13512
0 13513
2 13502
0 13554
0 13555
1 13706
3 13503
0 13556
2 13545
2 13586
0 13648
1 13781
0 13649
3 13570
0 13650
1 13782
2 13626
0 13693
3 13609
0 13698
3 13614
1 13825
0 13699
2 13668
0 13744
3 13653
1 13863
1 13864
1 13865
2 13707
0 13787
3 13697
0 13788
2 13748
2 13787
0 13887
0 13888
1 13984
3 13761
2 13826
0 13927
3 13805
0 13928
3 13806
2 13866
1 14083
1 14084
1 14085
3 13853
0 13963
2 13904
2 13942
3 13915
1 14149
1 14150
2 13979
1 14193
2 14016
3 13966
1 14223
1 14224
0 14099
1 14225
2 14052
3 14032
1 14265
1 14266
2 14088
2 14124
1 14333
2 14160
2 14195
1 14418
1 14419
0 14322
3 14214
1 14420
0 14323
2 14229
0 14365
0 14366
1 14460
2 14261
0 14415
2 14292
3 14318
3 14319
3 14320
3 14321
3 14322
3 14323
2 14323
1 14537
1 14538
3 14346
2 14353
3 14365
2 14382
0 14521
0 14522
3 14408
2 14412
0 14549
0 14550
1 14616
3 14430
2 14441
1 14636
2 14470
0 14596
2 14499
2 14526
1 14695
0 14656
2 14553
0 14685
3 14531
3 14532
2 14577
2 14601
2 14625
0 14754
3 14589
3 14590
0 14755
1 14784
3 14591
2 14647
2 14667
0 14807
0 14808
3 14644
1 14832
3 14645
0 14809
3 14646
0 14810
2 14685
