1 68
1 70
0 70
1 71
3 61
1 72
0 73
1 73
0 76
0 78
2 71
0 81
1 75
3 67
0 85
1 85
3 71
1 86
0 89
0 92
2 81
1 94
0 95
3 79
2 85
1 98
3 82
3 83
0 98
1 101
3 86
0 101
2 89
3 87
2 90
2 91
0 104
1 106
3 88
3 90
0 107
2 93
1 111
2 94
1 112
2 95
2 96
2 97
0 110
0 113
2 101
3 98
0 117
2 106
2 107
2 108
1 119
0 121
1 126
0 125
0 129
2 122
3 114
2 123
1 135
0 134
1 140
0 138
0 142
0 147
1 152
3 124
2 136
2 141
3 128
2 142
2 143
1 155
0 153
1 158
1 159
3 134
3 135
1 160
0 158
3 139
2 150
0 165
3 144
3 145
0 169
0 174
2 167
0 177
1 179
3 163
0 182
2 177
2 178
3 169
1 183
1 184
3 170
1 185
2 179
2 180
3 171
0 188
3 175
0 195
0 199
2 195
1 199
2 196
0 203
2 200
1 203
1 204
0 209
2 204
2 205
0 215
3 201
1 209
3 202
0 219
2 215
2 216
1 216
3 210
0 225
3 220
0 231
1 236
1 237
1 238
1 239
1 240
1 241
1 242
0 238
2 237
0 244
3 235
0 250
1 260
0 255
3 254
0 262
0 269
3 265
0 276
1 289
1 290
2 279
2 280
2 281
1 292
2 282
2 283
3 274
1 293
3 275
1 294
0 284
3 285
3 286
2 292
1 310
2 294
2 295
3 287
3 288
3 289
1 311
2 296
2 297
0 292
0 298
3 297
1 324
3 303
1 327
2 314
0 307
0 315
1 344
0 323
1 364
0 331
2 353
2 354
3 343
2 356
0 340
0 349
3 362
0 359
1 400
1 401
0 369
3 378
2 396
0 374
2 408
0 385
3 392
0 395
3 405
3 406
3 407
2 430
3 408
2 431
0 404
3 420
3 421
3 422
1 449
2 443
1 452
0 426
0 433
3 440
3 441
0 439
2 464
1 477
1 480
3 459
3 460
2 470
1 483
2 475
3 464
0 458
2 479
1 498
2 485
1 502
0 485
2 510
1 517
1 521
3 493
2 519
1 527
1 535
3 509
0 515
2 536
0 526
1 559
2 548
0 544
1 573
1 574
1 575
2 562
2 563
0 561
1 588
1 589
0 578
0 597
1 639
3 610
1 640
2 617
1 641
2 618
1 642
3 611
1 643
3 612
2 619
1 644
3 613
0 620
2 643
2 644
2 645
3 634
2 646
3 635
1 664
0 642
3 659
3 660
3 661
3 662
1 689
2 667
1 690
2 668
1 691
1 692
3 663
2 669
1 693
3 664
0 666
2 683
0 686
2 708
0 708
0 733
0 753
0 779
0 800
1 859
2 835
2 836
1 867
0 847
0 863
0 874
2 899
3 905
3 906
3 907
0 886
1 937
2 936
3 945
0 923
0 944
3 978
0 971
0 993
3 1027
3 1028
1 1031
0 1028
0 1062
1 1105
0 1101
3 1151
1 1156
0 1142
1 1203
2 1188
0 1184
3 1237
2 1245
0 1229
2 1289
3 1257
0 1275
1 1319
0 1322
3 1338
0 1367
2 1418
1 1409
3 1394
1 1410
1 1411
1 1412
3 1395
1 1413
3 1396
2 1419
0 1416
3 1435
2 1477
3 1436
1 1460
1 1461
2 1478
1 1462
0 1466
0 1515
0 1565
1 1601
3 1587
2 1610
1 1602
0 1615
2 1656
2 1657
1 1660
1 1661
0 1664
2 1702
3 1678
3 1679
2 1703
2 1704
1 1694
3 1680
1 1695
1 1696
2 1705
0 1715
3 1730
2 1753
0 1765
2 1798
0 1815
1 1820
2 1850
0 1865
3 1880
0 1915
3 1935
0 1965
0 2015
2 2071
3 2047
2 2073
2 2074
3 2048
2 2075
0 2066
1 2118
2 2139
2 2140
1 2119
2 2141
2 2142
0 2117
0 2167
0 2217
3 2262
0 2267
0 2317
0 2366
2 2435
2 2436
2 2437
1 2382
1 2383
1 2384
3 2407
1 2385
2 2438
2 2439
1 2386
3 2408
2 2440
2 2441
1 2387
1 2388
2 2442
1 2389
3 2409
0 2417
2 2474
3 2446
1 2417
3 2447
2 2475
1 2418
1 2419
2 2476
3 2448
1 2420
3 2449
3 2450
2 2477
0 2467
0 2517
2 2569
3 2558
0 2566
2 2605
2 2606
2 2607
2 2608
0 2616
3 2641
3 2642
2 2653
0 2666
1 2658
0 2716
2 2744
0 2766
3 2792
0 2816
1 2799
3 2853
2 2848
2 2849
0 2866
2 2915
1 2852
1 2853
1 2854
0 2916
1 2895
3 2977
0 2967
2 3036
1 2964
1 2965
3 3045
3 3046
3 3047
3 3048
2 3037
0 3017
3 3086
3 3087
3 3088
0 3068
2 3145
1 3092
0 3117
0 3167
3 3232
2 3218
2 3219
2 3220
2 3221
2 3222
3 3233
3 3234
2 3223
1 3187
0 3217
3 3272
1 3243
1 3244
1 3245
1 3246
3 3273
2 3266
3 3274
0 3267
3 3321
2 3327
3 3322
2 3328
2 3329
0 3317
1 3349
0 3367
2 3420
0 3417
3 3432
3 3433
0 3467
2 3497
1 3503
2 3498
3 3485
1 3504
3 3486
0 3517
0 3567
3 3574
2 3603
1 3584
3 3575
3 3576
1 3585
1 3586
0 3617
2 3631
2 3632
1 3632
3 3624
2 3633
0 3667
3 3680
1 3696
1 3697
0 3716
0 3765
3 3774
3 3775
1 3797
1 3798
2 3804
3 3777
2 3809
0 3818
2 3860
0 3868
2 3931
1 3903
1 3904
0 3914
3 3945
1 3946
3 3946
2 3989
0 3964
2 4040
3 3999
1 3995
1 3996
1 3997
1 3998
1 3999
2 4041
1 4000
0 4014
2 4081
0 4064
1 4095
0 4114
3 4124
3 4125
2 4177
0 4164
2 4234
1 4194
3 4183
2 4235
3 4184
0 4214
2 4293
3 4234
2 4294
3 4235
0 4264
2 4335
1 4306
3 4281
0 4314
1 4359
0 4364
1 4407
0 4414
3 4430
1 4474
1 4475
1 4476
2 4464
3 4431
1 4477
3 4432
1 4478
3 4433
3 4435
2 4465
3 4436
1 4479
2 4466
3 4437
3 4438
1 4480
0 4464
2 4531
3 4480
3 4481
2 4537
1 4534
3 4483
2 4541
1 4536
2 4544
2 4546
1 4540
0 4525
3 4528
0 4575
2 4644
3 4581
3 4582
1 4636
1 4637
3 4583
0 4625
3 4614
1 4668
1 4669
0 4675
3 4686
2 4752
1 4735
1 4736
1 4737
3 4687
3 4688
3 4689
1 4738
2 4756
0 4725
0 4775
2 4875
3 4803
3 4804
2 4876
2 4877
2 4878
0 4825
1 4884
1 4885
1 4886
3 4839
3 4840
3 4841
2 4935
2 4941
2 4942
1 4889
2 4943
0 4875
2 4986
0 4923
3 4957
2 5039
1 4981
1 4982
0 4973
0 5023
3 5039
0 5073
3 5081
1 5109
2 5177
0 5123
0 5173
1 5230
3 5183
1 5231
2 5292
3 5184
3 5185
1 5233
2 5293
3 5186
1 5234
1 5235
0 5223
2 5350
1 5294
3 5248
1 5295
1 5296
2 5351
2 5352
2 5353
1 5297
1 5298
1 5299
1 5300
0 5273
0 5323
2 5461
3 5343
1 5408
2 5462
0 5373
2 5506
2 5507
0 5423
2 5560
0 5473
3 5495
0 5523
0 5573
1 5679
0 5623
1 5721
3 5613
2 5722
3 5614
0 5673
2 5775
3 5660
0 5722
2 5821
0 5772
2 5861
2 5862
0 5822
0 5872
2 5954
2 5955
0 5922
1 6004
0 5972
0 6022
1 6119
2 6103
1 6120
3 5994
2 6104
3 5995
3 5996
2 6105
0 6073
2 6161
1 6160
1 6161
3 6051
0 6123
0 6172
1 6248
3 6145
0 6222
0 6272
3 6251
0 6322
3 6291
0 6372
1 6427
3 6340
3 6341
3 6342
3 6343
0 6422
2 6484
0 6472
3 6429
2 6533
2 6534
1 6538
3 6431
2 6535
2 6536
0 6523
2 6579
0 6573
0 6623
3 6581
2 6666
2 6668
2 6671
2 6674
1 6701
3 6588
3 6589
3 6590
1 6703
1 6704
3 6592
2 6677
2 6678
0 6681
0 6731
3 6699
3 6700
0 6781
0 6828
1 6902
0 6878
1 6952
1 6953
1 6954
2 6924
2 6925
3 6837
0 6929
2 6978
3 6894
0 6975
2 7037
1 7069
0 7025
3 7008
0 7075
1 7179
3 7045
3 7046
1 7180
0 7124
1 7221
3 7093
1 7222
1 7224
2 7161
2 7162
3 7095
1 7226
0 7175
1 7276
1 7277
0 7225
3 7184
2 7266
2 7267
2 7268
3 7185
0 7275
0 7322
1 7421
1 7422
1 7423
3 7266
3 7267
3 7268
3 7269
3 7270
2 7361
0 7372
2 7406
2 7407
0 7422
0 7472
1 7572
2 7523
2 7524
2 7525
1 7573
2 7526
1 7574
0 7523
3 7454
3 7455
3 7456
3 7457
1 7609
3 7458
0 7573
1 7657
3 7514
3 7515
1 7658
3 7516
0 7623
2 7672
2 7673
0 7673
0 7723
2 7775
0 7773
1 7880
2 7840
1 7881
2 7841
2 7842
3 7733
0 7823
1 7956
3 7802
2 7907
1 7957
0 7873
0 7923
3 7906
0 7973
2 8075
2 8076
3 7938
2 8077
3 7939
0 8024
1 8182
1 8183
1 8184
1 8185
3 7986
3 7987
2 8139
0 8074
1 8235
0 8124
0 8172
2 8281
3 8150
3 8151
2 8282
3 8152
2 8283
3 8153
3 8154
2 8284
0 8222
0 8271
2 8368
3 8244
1 8424
2 8369
3 8245
3 8246
2 8370
0 8320
0 8370
3 8335
2 8469
2 8470
0 8420
2 8531
1 8578
1 8579
3 8379
1 8580
1 8581
3 8380
0 8471
0 8521
3 8493
0 8571
3 8554
3 8555
2 8709
3 8556
2 8710
2 8711
3 8557
3 8558
2 8712
3 8560
1 8758
3 8561
3 8562
2 8713
1 8759
0 8622
2 8780
0 8672
2 8830
2 8831
0 8722
2 8892
2 8893
0 8772
3 8779
0 8822
1 9036
2 8981
2 8982
2 8983
0 8872
3 8852
1 9084
1 9085
2 9026
0 8922
3 8896
3 8897
3 8898
1 9125
0 8972
2 9129
2 9130
1 9161
3 8946
0 9022
1 9208
0 9072
2 9234
2 9235
0 9122
1 9327
0 9172
1 9374
3 9163
2 9342
1 9375
1 9376
1 9377
2 9343
0 9221
0 9270
1 9465
1 9466
1 9467
3 9261
0 9318
3 9320
3 9321
2 9489
1 9534
2 9490
1 9535
2 9491
1 9536
2 9492
1 9537
1 9538
0 9367
1 9585
3 9370
0 9416
1 9622
0 9465
0 9514
0 9563
3 9546
1 9763
3 9547
0 9612
0 9661
1 9857
3 9626
3 9627
2 9808
2 9809
3 9628
3 9629
2 9810
2 9811
0 9710
2 9865
0 9759
0 9808
1 10009
1 10010
2 9991
1 10011
3 9775
3 9776
1 10012
2 9992
3 9777
3 9778
1 10013
1 10014
0 9858
3 9852
2 10060
2 10061
1 10080
0 9906
3 9887
1 10109
0 9955
3 9936
0 10004
1 10180
2 10152
3 9964
1 10181
3 9965
3 9966
0 10053
0 10102
1 10257
3 10052
0 10151
1 10313
2 10285
3 10105
0 10200
0 10249
0 10298
2 10406
0 10347
0 10396
2 10501
0 10444
1 10575
0 10493
0 10542
0 10591
3 10497
3 10498
0 10640
2 10756
3 10530
2 10757
3 10531
3 10532
1 10792
0 10688
1 10834
1 10835
3 10578
2 10804
2 10805
0 10736
3 10614
1 10878
2 10855
3 10615
0 10784
1 10923
3 10672
1 10924
1 10925
2 10900
2 10901
0 10832
2 10946
2 10947
0 10880
3 10771
3 10772
1 11038
0 10928
0 10976
3 10884
0 11024
3 10934
1 11185
2 11153
1 11186
0 11072
0 11120
3 11024
1 11279
2 11237
3 11025
2 11238
0 11169
3 11078
2 11285
2 11286
1 11324
2 11287
0 11217
3 11122
2 11333
