0 749
1 802
0 776
3 821
1 837
1 844
3 837
3 838
1 852
0 822
3 852
2 841
3 853
3 854
0 842
0 857
1 910
1 935
2 932
0 917
3 956
2 943
2 944
3 957
1 966
0 962
0 984
2 1015
3 1024
0 1012
2 1058
1 1057
0 1051
3 1096
2 1103
0 1089
2 1141
1 1132
2 1142
1 1133
3 1133
3 1134
1 1134
0 1129
0 1169
1 1232
1 1233
1 1234
3 1219
3 1224
0 1214
0 1259
3 1278
1 1305
0 1305
1 1342
3 1316
3 1317
1 1343
0 1349
2 1409
3 1377
1 1396
0 1397
1 1446
1 1447
2 1466
3 1424
3 1425
0 1447
0 1496
1 1540
2 1548
3 1518
1 1541
2 1549
2 1550
0 1546
3 1572
3 1573
0 1596
2 1642
2 1643
1 1639
1 1640
2 1644
0 1647
1 1683
1 1684
0 1697
1 1716
3 1710
3 1711
0 1746
3 1752
2 1782
3 1753
3 1754
2 1783
2 1784
3 1755
0 1796
1 1794
1 1795
3 1817
3 1818
3 1819
0 1846
3 1870
1 1862
2 1884
1 1863
3 1873
3 1874
2 1885
3 1875
0 1896
1 1924
0 1945
2 1999
2 2000
0 1995
1 2034
1 2035
2 2053
0 2045
3 2074
2 2115
1 2089
0 2095
0 2145
0 2195
2 2268
3 2249
2 2269
0 2245
1 2272
3 2287
3 2288
2 2309
1 2273
2 2310
1 2274
0 2295
1 2311
1 2312
2 2363
1 2313
0 2345
2 2413
2 2414
0 2395
3 2428
2 2455
2 2456
0 2445
3 2484
3 2485
2 2499
0 2495
0 2545
0 2595
2 2624
0 2645
0 2695
3 2723
3 2724
2 2732
1 2684
0 2745
1 2722
3 2765
3 2766
0 2795
0 2845
3 2893
2 2875
1 2832
0 2894
0 2944
1 2920
2 2998
2 2999
3 3008
3 3009
3 3010
2 3000
1 2921
3 3011
1 2922
3 3012
0 2994
3 3062
0 3044
1 3032
3 3106
1 3033
3 3107
3 3108
0 3093
3 3167
2 3169
0 3143
1 3175
1 3176
3 3226
0 3193
2 3243
2 3244
3 3258
1 3214
0 3243
3 3293
3 3294
3 3295
0 3293
3 3344
2 3358
2 3359
0 3343
1 3383
2 3396
2 3397
3 3381
3 3382
0 3393
2 3436
0 3443
2 3477
2 3478
2 3479
1 3480
3 3465
0 3493
2 3542
2 3543
0 3543
3 3545
0 3593
1 3612
0 3642
1 3656
1 3657
1 3658
3 3656
2 3667
1 3659
2 3668
3 3657
0 3692
2 3727
0 3742
1 3780
3 3758
0 3792
0 3842
0 3887
3 3910
3 3911
1 3917
1 3918
2 3958
0 3937
1 3975
0 3987
3 4015
1 4020
3 4016
2 4056
1 4021
1 4022
1 4023
0 4037
2 4097
0 4087
2 4146
0 4137
3 4158
1 4169
1 4170
3 4159
1 4171
2 4201
2 4202
3 4160
2 4203
0 4188
3 4211
2 4264
2 4265
1 4227
0 4239
0 4289
2 4346
2 4347
0 4339
3 4330
2 4385
2 4387
3 4332
1 4376
3 4333
2 4389
1 4378
0 4394
0 4443
2 4500
0 4491
1 4557
2 4563
2 4564
2 4565
2 4566
0 4541
1 4599
2 4600
3 4540
0 4589
3 4594
1 4647
0 4637
0 4687
3 4700
2 4767
2 4768
1 4749
0 4738
3 4745
3 4746
2 4820
2 4821
0 4788
0 4838
2 4955
3 4860
1 4902
2 4956
3 4862
3 4863
3 4864
0 4889
3 4914
1 4948
0 4939
1 4997
1 4998
1 4999
0 4989
1 5052
2 5123
0 5039
1 5084
3 5046
2 5152
3 5047
3 5048
3 5049
1 5085
0 5089
1 5126
1 5127
2 5192
3 5093
0 5139
3 5149
3 5150
1 5186
1 5187
2 5252
0 5189
3 5208
3 5209
0 5239
3 5270
1 5321
3 5271
3 5272
1 5322
1 5323
0 5289
2 5422
2 5423
3 5316
3 5317
2 5424
3 5318
0 5340
3 5353
3 5354
1 5427
1 5428
2 5482
1 5429
3 5355
2 5483
0 5390
2 5517
0 5440
3 5468
2 5576
2 5577
3 5469
1 5545
0 5490
2 5631
0 5540
2 5672
3 5553
1 5647
0 5590
0 5640
1 5754
1 5755
2 5746
1 5756
3 5643
2 5747
0 5690
1 5792
1 5793
3 5682
1 5794
0 5740
3 5726
2 5840
0 5790
3 5751
0 5840
1 5916
3 5814
1 5917
3 5815
3 5816
3 5818
3 5819
1 5918
0 5890
3 5874
1 5969
1 5970
3 5875
1 5971
0 5940
0 5990
2 6081
0 6041
2 6139
2 6140
3 6025
1 6143
0 6091
3 6065
1 6174
0 6141
3 6110
3 6111
1 6214
2 6218
1 6216
3 6116
1 6217
2 6219
0 6191
0 6241
0 6291
1 6360
3 6268
3 6269
0 6341
1 6401
1 6402
0 6391
0 6437
1 6509
3 6408
1 6510
1 6511
2 6503
0 6487
3 6446
1 6554
0 6537
3 6504
3 6505
3 6506
0 6585
2 6633
2 6634
2 6635
1 6660
2 6636
3 6552
0 6635
3 6596
0 6683
2 6727
3 6649
0 6733
3 6702
2 6775
1 6806
0 6783
3 6739
0 6830
1 6904
3 6792
2 6878
0 6881
2 6926
2 6927
1 6956
2 6928
3 6839
0 6932
0 6974
1 7068
0 7021
0 7071
3 7041
0 7120
0 7166
0 7214
1 7309
2 7254
0 7264
0 7314
0 7361
0 7409
1 7510
1 7511
1 7512
2 7449
2 7450
2 7451
2 7452
2 7453
2 7454
0 7459
1 7561
0 7509
1 7593
2 7558
1 7595
3 7438
1 7596
3 7439
1 7597
3 7440
0 7560
0 7610
1 7704
2 7650
0 7660
3 7592
1 7761
1 7762
0 7710
3 7639
0 7759
2 7813
2 7814
3 7716
2 7815
2 7816
2 7817
1 7867
2 7818
1 7868
2 7819
3 7717
0 7809
3 7780
3 7781
0 7859
3 7838
3 7839
1 8001
1 8002
3 7840
3 7841
3 7842
0 7909
1 8068
3 7891
2 8014
3 7892
0 7958
3 7927
0 8008
2 8125
0 8058
0 8108
1 8278
3 8089
2 8229
3 8090
2 8230
2 8231
0 8158
1 8331
2 8270
1 8332
3 8139
3 8140
2 8271
2 8272
3 8141
1 8333
1 8334
3 8142
2 8273
3 8143
1 8335
0 8209
1 8377
3 8185
2 8311
0 8258
0 8307
2 8413
0 8356
3 8319
1 8518
3 8320
3 8321
0 8406
1 8562
1 8564
3 8370
2 8515
3 8371
2 8516
2 8517
1 8566
2 8518
1 8567
0 8456
3 8419
2 8574
2 8575
2 8576
1 8623
2 8577
0 8506
3 8475
0 8556
1 8741
3 8530
3 8531
1 8742
3 8532
0 8606
0 8656
1 8862
3 8648
2 8821
0 8706
3 8695
3 8696
0 8756
2 8929
0 8807
0 8857
1 9073
1 9074
0 8907
1 9109
0 8957
0 9006
2 9158
3 8968
0 9056
3 9039
2 9220
3 9040
1 9250
3 9041
0 9106
0 9156
2 9326
1 9354
2 9327
3 9133
2 9328
1 9355
3 9136
1 9357
1 9358
3 9137
3 9138
0 9207
0 9256
1 9451
3 9253
2 9420
1 9452
0 9304
1 9512
3 9303
2 9473
2 9474
1 9513
2 9475
1 9514
1 9515
3 9304
1 9516
1 9517
3 9305
0 9354
2 9520
0 9403
2 9563
0 9451
1 9658
0 9500
2 9655
3 9487
3 9488
1 9707
1 9708
1 9709
3 9489
0 9549
2 9694
1 9753
2 9695
2 9696
3 9536
1 9754
2 9697
1 9755
2 9698
3 9538
0 9598
0 9647
0 9696
3 9666
3 9667
3 9668
2 9854
1 9901
0 9745
1 9944
0 9793
3 9764
1 10000
1 10001
3 9765
0 9842
2 10041
1 10063
1 10064
0 9891
2 10080
1 10096
0 9939
0 9989
2 10148
1 10171
1 10172
3 9956
0 10038
2 10174
1 10206
3 9987
1 10207
2 10175
3 9988
3 9989
3 9990
0 10087
0 10136
1 10285
1 10286
2 10267
3 10086
2 10268
3 10087
3 10088
0 10185
2 10309
1 10340
1 10341
0 10234
1 10389
0 10283
3 10222
3 10223
2 10401
1 10434
1 10435
3 10224
0 10332
3 10250
1 10460
1 10461
3 10251
0 10381
2 10481
3 10304
2 10482
3 10305
0 10430
1 10560
1 10561
1 10562
2 10529
0 10480
2 10582
3 10392
0 10529
1 10676
1 10677
0 10578
1 10740
2 10685
0 10628
0 10676
2 10790
0 10724
2 10853
0 10772
2 10893
1 10907
0 10820
1 10959
1 10960
0 10867
2 10977
1 11023
0 10915
0 10963
0 11011
1 11164
2 11136
2 11137
1 11165
1 11166
1 11167
3 10925
2 11138
0 11059
1 11216
2 11181
0 11107
0 11155
2 11265
3 11055
0 11203
3 11108
1 11352
1 11353
0 11252
2 11368
0 11299
2 11421
2 11422
3 11220
3 11221
1 11472
0 11346
0 11393
0 11440
1 11626
3 11356
3 11357
0 11488
1 11671
1 11672
0 11535
0 11582
0 11628
3 11548
0 11675
2 11795
3 11599
1 11837
0 11722
3 11632
2 11834
1 11861
2 11835
2 11836
0 11768
3 11660
0 11815
0 11862
3 11760
2 11970
1 11986
0 11909
0 11955
1 12065
2 12053
3 11856
3 11857
1 12066
2 12054
0 12000
0 12046
2 12131
3 11963
1 12170
2 12132
0 12092
1 12206
2 12168
1 12207
3 12003
1 12208
0 12138
0 12184
1 12274
3 12091
3 12092
0 12231
1 12327
0 12276
1 12381
0 12322
2 12364
3 12251
1 12414
1 12415
1 12416
3 12252
0 12368
2 12422
2 12423
2 12424
3 12300
2 12425
2 12426
1 12478
2 12427
2 12428
2 12429
1 12479
2 12430
3 12301
2 12431
2 12432
2 12433
0 12414
1 12529
3 12344
1 12530
1 12531
1 12532
1 12533
3 12345
0 12460
3 12393
1 12586
1 12587
1 12588
0 12506
1 12645
3 12433
1 12646
3 12434
3 12435
1 12647
3 12436
2 12565
3 12437
3 12438
0 12552
1 12699
2 12606
2 12607
1 12700
2 12608
3 12484
3 12485
3 12486
3 12487
2 12609
3 12488
3 12489
3 12490
0 12598
2 12655
0 12644
3 12600
3 12601
3 12602
2 12702
2 12703
3 12603
0 12690
1 12851
3 12647
1 12852
1 12853
3 12648
3 12651
0 12736
2 12791
3 12689
0 12781
1 12938
2 12828
3 12739
3 12740
1 12939
1 12940
1 12941
3 12741
0 12826
3 12785
2 12873
3 12786
0 12871
3 12832
3 12833
2 12915
1 13047
2 12916
2 12917
3 12834
2 12918
0 12916
2 12954
3 12867
0 12959
0 13003
2 13037
3 12959
0 13047
1 13213
0 13090
3 13055
3 13056
2 13106
1 13249
1 13250
0 13131
0 13174
1 13330
0 13217
0 13259
3 13219
2 13255
1 13414
2 13257
1 13415
3 13221
3 13222
2 13258
3 13223
0 13302
3 13261
0 13345
2 13345
3 13296
3 13298
3 13299
2 13350
1 13517
0 13390
0 13427
0 13452
2 13458
3 13445
2 13500
1 13703
0 13551
0 13552
2 13542
2 13584
0 13638
3 13568
0 13639
0 13640
0 13641
1 13769
0 13642
1 13770
2 13624
3 13610
0 13694
2 13665
0 13738
2 13705
1 13900
2 13745
1 13951
2 13784
0 13884
3 13759
2 13823
0 13920
3 13800
1 14024
3 13801
0 13921
3 13802
0 13922
2 13863
0 13959
1 14079
1 14080
2 13900
3 13888
2 13938
2 13974
3 13939
3 13940
1 14186
1 14187
0 14068
1 14188
1 14189
2 14011
2 14048
0 14154
3 14026
1 14263
3 14027
0 14155
2 14085
3 14077
3 14078
1 14300
1 14301
2 14120
0 14218
1 14329
1 14330
3 14112
1 14331
2 14156
1 14368
1 14369
3 14162
1 14370
0 14272
0 14273
3 14163
3 14166
3 14167
3 14168
2 14192
2 14225
2 14256
0 14407
2 14287
1 14512
1 14513
2 14318
2 14348
2 14379
0 14518
1 14585
3 14406
1 14586
3 14407
2 14409
0 14542
2 14437
2 14466
2 14494
0 14621
0 14622
1 14671
0 14623
2 14521
0 14648
0 14649
3 14501
0 14650
1 14691
2 14548
2 14573
0 14708
1 14738
0 14709
1 14739
0 14710
1 14740
0 14711
1 14741
2 14598
0 14736
3 14574
3 14575
2 14622
2 14644
1 14808
1 14809
1 14810
0 14782
1 14811
1 14812
3 14610
3 14611
1 14813
0 14783
