1 799
0 774
3 820
0 798
3 845
0 821
1 873
1 885
3 878
0 867
0 879
2 902
2 903
1 929
2 923
2 924
0 913
2 939
3 954
0 930
0 954
1 989
3 1004
3 1005
2 999
1 1005
1 1017
2 1016
1 1024
1 1036
1 1043
1 1046
0 1042
0 1074
2 1124
0 1113
0 1153
0 1196
2 1265
0 1241
1 1293
1 1294
0 1287
1 1330
3 1298
0 1332
1 1378
0 1378
3 1400
2 1431
1 1420
2 1432
1 1421
0 1428
0 1478
1 1521
1 1522
0 1528
0 1578
1 1618
3 1604
2 1625
0 1628
0 1678
1 1707
0 1728
3 1741
0 1778
3 1793
0 1828
1 1835
2 1859
2 1860
1 1836
3 1847
1 1837
2 1861
1 1838
3 1848
0 1878
3 1885
1 1895
2 1912
1 1896
3 1886
2 1913
1 1897
3 1887
1 1898
1 1899
3 1888
3 1889
2 1914
2 1915
1 1900
3 1890
0 1928
3 1945
1 1961
0 1978
1 2011
0 2028
1 2069
2 2090
2 2091
3 2062
0 2078
2 2153
1 2134
2 2154
3 2125
0 2128
3 2180
0 2178
2 2251
3 2228
2 2252
1 2212
2 2253
2 2254
2 2255
1 2213
3 2229
0 2228
2 2301
1 2260
2 2302
0 2278
2 2338
3 2316
0 2328
3 2360
2 2391
0 2378
0 2428
0 2478
2 2529
3 2515
3 2516
0 2528
0 2578
0 2628
3 2655
2 2666
2 2667
2 2668
1 2602
1 2603
1 2604
2 2669
3 2656
0 2678
1 2665
2 2708
2 2709
3 2705
0 2728
3 2755
1 2706
2 2760
1 2707
0 2778
1 2749
3 2798
1 2750
3 2799
0 2827
0 2876
0 2926
1 2906
1 2907
2 2976
2 2977
2 2978
1 2908
0 2977
2 3048
3 3054
0 3027
2 3100
1 3018
2 3102
3 3096
3 3097
0 3078
3 3153
3 3154
1 3108
0 3128
0 3178
0 3228
1 3259
2 3278
2 3283
3 3284
1 3261
2 3284
3 3285
2 3285
3 3286
1 3262
2 3286
1 3263
1 3264
0 3278
2 3341
2 3342
1 3320
2 3343
0 3328
2 3386
0 3377
1 3415
3 3402
3 3403
2 3424
0 3427
1 3461
3 3441
2 3462
1 3462
0 3477
3 3493
1 3519
1 3520
2 3516
2 3517
0 3527
2 3572
3 3529
1 3546
3 3530
2 3574
2 3575
3 3531
0 3578
1 3592
3 3584
1 3593
1 3594
1 3595
0 3629
3 3634
0 3678
2 3705
2 3706
3 3694
1 3710
2 3708
3 3695
0 3729
1 3772
3 3747
2 3773
0 3780
2 3823
3 3786
0 3829
2 3874
2 3876
1 3864
2 3880
2 3884
2 3889
1 3868
0 3885
3 3909
0 3935
2 4023
1 3974
0 3985
1 4018
1 4019
0 4034
0 4084
1 4116
0 4134
3 4154
3 4155
0 4184
0 4234
2 4309
1 4279
3 4248
3 4249
0 4284
1 4326
0 4334
2 4381
3 4326
0 4384
0 4433
2 4489
2 4490
2 4491
3 4451
0 4483
0 4533
2 4590
1 4588
3 4530
3 4532
1 4591
3 4533
1 4592
3 4534
0 4583
0 4633
1 4677
2 4689
3 4629
0 4683
0 4733
1 4786
2 4817
0 4783
1 4840
0 4833
3 4855
0 4883
3 4899
3 4900
3 4901
1 4934
2 4993
1 4937
3 4906
2 4994
1 4938
3 4907
3 4908
2 4995
3 4909
2 4996
1 4939
1 4940
1 4941
1 4942
3 4910
1 4943
0 4935
2 5050
2 5051
3 4965
0 4984
0 5034
0 5084
3 5088
0 5134
0 5184
2 5316
1 5254
3 5203
0 5234
3 5264
2 5360
0 5284
0 5333
1 5413
3 5345
2 5469
0 5383
2 5512
1 5468
2 5513
3 5403
0 5433
2 5567
1 5529
3 5452
1 5530
3 5453
3 5454
1 5531
1 5532
3 5456
2 5568
0 5483
2 5624
1 5602
1 5603
2 5625
2 5626
3 5503
0 5533
3 5541
1 5638
3 5542
1 5639
3 5543
2 5666
2 5667
1 5640
3 5544
3 5545
3 5546
1 5641
0 5583
1 5689
2 5698
1 5690
0 5633
3 5631
3 5632
2 5739
1 5741
0 5683
3 5672
0 5733
0 5783
0 5833
2 5915
3 5802
3 5803
3 5804
2 5916
0 5883
0 5933
0 5982
3 5958
0 6032
2 6123
0 6082
0 6131
0 6181
1 6252
3 6151
3 6152
3 6153
2 6250
2 6251
1 6253
1 6254
1 6256
0 6232
1 6313
2 6307
0 6282
3 6261
3 6262
0 6332
1 6390
2 6393
1 6391
3 6297
3 6298
0 6383
2 6423
1 6442
2 6427
0 6432
3 6404
2 6496
1 6504
0 6482
3 6442
2 6549
2 6551
1 6549
3 6443
2 6553
1 6550
1 6551
3 6445
1 6552
1 6553
0 6535
0 6583
3 6551
0 6633
1 6705
3 6593
1 6706
2 6680
1 6708
3 6598
0 6684
2 6728
2 6729
3 6650
1 6759
1 6760
1 6761
3 6651
2 6730
0 6735
2 6776
1 6807
2 6777
0 6785
2 6827
3 6744
3 6745
1 6866
3 6747
1 6867
1 6868
0 6833
0 6882
1 6955
0 6931
3 6892
3 6893
0 6973
2 7036
3 6961
0 7024
3 7006
3 7007
0 7074
1 7174
2 7108
2 7109
2 7111
0 7123
2 7160
1 7225
3 7094
2 7164
1 7229
2 7168
1 7236
0 7181
1 7289
0 7231
2 7279
0 7281
1 7373
1 7374
3 7229
3 7230
0 7327
1 7425
3 7272
1 7426
0 7377
1 7465
1 7466
3 7323
3 7324
3 7325
1 7470
0 7427
2 7480
2 7481
0 7477
0 7527
1 7612
2 7569
1 7613
3 7460
3 7461
1 7614
1 7615
1 7616
3 7462
1 7617
0 7577
3 7517
1 7659
1 7660
1 7661
1 7662
0 7627
0 7677
1 7774
3 7602
1 7775
1 7776
3 7603
3 7604
0 7727
1 7826
1 7827
1 7828
3 7659
3 7660
3 7661
1 7829
0 7777
2 7845
0 7827
2 7910
0 7877
2 7979
3 7866
0 7927
2 8033
1 8085
2 8034
1 8086
0 7977
1 8139
3 7942
2 8082
2 8083
2 8084
1 8140
1 8141
2 8085
2 8086
2 8087
3 7943
1 8142
1 8143
3 7944
2 8088
1 8144
3 7945
0 8028
0 8078
2 8188
1 8242
2 8190
3 8047
2 8191
3 8048
3 8049
2 8192
1 8243
1 8244
2 8193
2 8194
2 8195
1 8245
0 8129
3 8109
2 8246
1 8302
3 8110
2 8247
3 8111
3 8112
1 8303
3 8113
0 8179
2 8289
1 8350
0 8229
0 8279
1 8440
2 8378
0 8329
0 8378
2 8479
1 8532
2 8480
3 8339
3 8340
2 8482
2 8483
1 8534
0 8429
2 8545
2 8546
3 8392
2 8547
1 8588
3 8393
3 8394
1 8589
3 8395
3 8396
0 8479
2 8608
1 8662
3 8445
2 8609
0 8529
1 8714
2 8674
0 8579
0 8629
2 8793
1 8828
2 8794
1 8829
3 8624
3 8625
1 8830
2 8795
3 8626
0 8680
2 8837
3 8665
0 8730
1 8945
0 8780
2 8957
1 9008
2 8958
2 8959
1 9009
0 8830
0 8880
1 9087
2 9028
0 8930
0 8979
2 9135
0 9029
0 9079
2 9242
1 9279
2 9243
3 9061
3 9062
3 9063
3 9064
1 9280
1 9281
2 9245
0 9129
3 9116
0 9179
3 9169
1 9381
2 9349
2 9350
3 9170
2 9351
0 9228
0 9277
3 9272
2 9439
0 9326
1 9548
3 9332
3 9333
1 9549
1 9550
2 9500
2 9501
3 9334
2 9502
0 9375
2 9534
2 9535
3 9374
0 9424
0 9473
3 9448
1 9674
1 9675
1 9676
1 9677
3 9449
1 9678
3 9450
1 9679
2 9619
2 9620
2 9621
3 9451
2 9622
1 9680
0 9523
1 9725
1 9726
0 9572
1 9768
1 9769
2 9716
3 9550
1 9770
0 9621
3 9581
0 9670
0 9719
1 9922
0 9769
1 9974
3 9748
1 9975
3 9749
2 9947
0 9818
1 10025
3 9793
3 9794
0 9867
1 10084
1 10085
0 9916
3 9896
1 10116
3 9897
1 10117
1 10118
1 10119
2 10096
2 10097
0 9965
2 10138
3 9944
0 10015
1 10185
0 10064
1 10229
1 10230
0 10113
3 10059
2 10246
1 10261
0 10162
3 10114
2 10289
2 10290
3 10115
0 10211
3 10153
3 10154
1 10367
2 10338
3 10155
1 10368
3 10156
2 10341
0 10260
3 10198
0 10309
2 10415
2 10416
0 10358
0 10406
0 10455
1 10587
3 10360
3 10361
3 10362
0 10504
3 10415
1 10634
1 10635
1 10636
1 10637
0 10552
1 10709
0 10601
3 10506
1 10759
1 10760
0 10650
3 10545
1 10797
0 10698
0 10745
1 10885
3 10621
3 10622
3 10623
2 10860
3 10624
1 10887
2 10863
2 10864
1 10888
2 10865
3 10625
1 10889
3 10626
1 10890
3 10627
2 10866
1 10891
2 10871
2 10872
0 10794
3 10688
3 10689
3 10690
3 10691
2 10909
1 10935
0 10841
3 10735
1 10986
3 10736
3 10737
1 10987
0 10889
3 10787
2 11015
3 10788
2 11016
3 10789
1 11050
0 10936
3 10849
0 10984
2 11119
1 11142
0 11032
1 11198
3 10943
3 10944
3 10945
3 10946
0 11080
3 10994
0 11128
0 11176
0 11224
1 11381
3 11129
3 11130
2 11338
1 11382
1 11383
3 11131
1 11384
3 11132
0 11270
3 11187
0 11318
1 11489
2 11433
2 11434
1 11490
3 11238
2 11435
3 11239
0 11365
0 11412
3 11327
1 11587
0 11459
0 11506
3 11431
2 11625
0 11553
2 11671
0 11600
2 11715
3 11517
1 11769
2 11716
3 11518
2 11717
2 11718
0 11647
3 11570
2 11770
1 11807
1 11808
2 11771
2 11772
1 11809
3 11571
3 11572
0 11694
1 11846
2 11806
2 11807
3 11612
2 11808
3 11613
0 11741
2 11852
3 11643
1 11880
2 11853
0 11788
1 11918
2 11898
3 11686
3 11687
3 11688
0 11835
2 11940
1 11950
1 11951
2 11941
1 11952
1 11953
1 11954
1 11955
1 11956
3 11733
3 11734
0 11881
2 11990
3 11781
0 11927
3 11837
1 12045
3 11838
2 12039
1 12046
1 12047
0 11973
3 11877
1 12088
0 12019
2 12107
3 11922
3 11923
0 12065
2 12149
3 11978
1 12187
3 11979
1 12188
0 12111
0 12157
3 12066
0 12202
1 12296
2 12261
3 12121
3 12122
3 12123
1 12297
2 12262
1 12298
3 12124
1 12299
1 12300
2 12263
1 12301
0 12249
1 12350
0 12295
0 12341
3 12273
3 12274
1 12444
1 12445
3 12275
2 12391
2 12392
2 12393
1 12446
3 12276
1 12447
0 12387
2 12448
2 12449
1 12501
1 12502
2 12450
0 12433
2 12491
0 12479
3 12415
1 12615
0 12525
2 12574
1 12667
2 12575
2 12576
3 12456
1 12668
1 12669
0 12570
2 12627
3 12508
0 12617
2 12674
2 12675
0 12663
3 12617
0 12709
2 12766
0 12754
1 12914
2 12802
1 12915
3 12708
3 12709
1 12916
3 12710
3 12711
1 12917
1 12918
3 12712
2 12803
2 12804
2 12805
1 12919
1 12920
2 12806
2 12807
3 12715
0 12800
3 12768
1 12965
1 12966
1 12967
2 12850
3 12769
0 12844
1 13016
0 12889
0 12934
1 13112
3 12880
1 13113
2 12968
2 12969
0 12978
0 13021
0 13065
0 13108
0 13146
1 13303
3 13106
3 13107
1 13304
0 13190
0 13233
1 13376
2 13223
0 13276
2 13280
2 13281
0 13321
0 13363
2 13367
2 13368
2 13369
1 13527
3 13311
0 13405
0 13438
1 13591
1 13592
2 13444
0 13489
0 13490
0 13491
0 13492
0 13493
2 13487
1 13686
1 13687
0 13539
1 13688
0 13540
1 13689
1 13690
0 13542
2 13530
0 13582
0 13583
1 13726
3 13537
0 13584
1 13727
0 13585
1 13728
0 13586
0 13587
2 13574
3 13563
1 13761
1 13762
2 13615
0 13685
1 13817
0 13686
1 13818
0 13687
2 13655
0 13728
1 13849
2 13697
1 13890
1 13891
0 13772
0 13773
1 13892
1 13893
3 13690
0 13774
0 13775
0 13776
3 13691
0 13777
0 13778
0 13779
3 13692
0 13780
2 13738
0 13827
0 13828
0 13829
1 13948
1 13949
2 13778
1 13977
2 13817
3 13789
1 14015
2 13856
1 14068
3 13840
1 14069
1 14070
3 13841
