0 785
1 847
0 817
1 870
3 860
1 879
1 894
1 914
1 940
3 948
3 949
2 938
3 950
0 928
2 967
3 967
0 953
1 988
1 1002
1 1013
1 1022
2 1022
2 1023
2 1024
0 1021
1 1059
0 1054
1 1096
1 1097
1 1098
2 1107
0 1093
1 1138
1 1139
1 1140
0 1132
3 1188
0 1173
3 1228
3 1229
1 1243
2 1237
2 1238
0 1217
0 1263
1 1311
3 1283
0 1309
0 1355
3 1382
0 1404
0 1454
2 1517
1 1503
2 1518
0 1504
1 1544
1 1545
1 1546
3 1522
3 1523
0 1555
2 1599
0 1605
1 1643
2 1650
2 1651
1 1644
3 1628
0 1655
1 1690
2 1692
2 1693
0 1706
2 1744
2 1745
1 1722
0 1756
3 1765
3 1766
2 1790
1 1761
1 1762
0 1806
1 1814
2 1843
0 1856
0 1906
3 1922
2 1955
1 1935
1 1936
1 1937
3 1923
2 1956
3 1924
1 1938
1 1940
0 1956
0 2006
2 2064
3 2033
0 2056
1 2107
0 2106
1 2147
0 2156
2 2233
3 2208
3 2209
0 2206
3 2255
1 2240
2 2279
0 2256
3 2294
2 2314
1 2277
2 2315
3 2295
0 2306
0 2357
1 2369
1 2370
1 2371
0 2407
2 2467
1 2412
0 2457
2 2510
2 2511
0 2507
2 2561
3 2551
1 2505
0 2557
1 2544
0 2607
3 2620
2 2644
2 2645
0 2657
3 2684
1 2643
1 2644
3 2685
3 2686
2 2693
1 2646
2 2694
2 2695
0 2707
0 2757
2 2776
1 2731
1 2732
0 2805
1 2786
2 2834
3 2833
3 2834
0 2855
1 2839
3 2908
1 2840
2 2893
3 2909
0 2904
3 2968
2 2946
3 2969
0 2956
2 3020
2 3021
1 2949
0 3006
3 3074
0 3056
3 3122
1 3044
1 3045
1 3046
2 3118
0 3106
1 3137
0 3156
0 3206
2 3254
1 3228
1 3229
2 3255
0 3255
1 3283
0 3305
1 3343
0 3355
0 3405
2 3447
1 3439
0 3455
1 3491
3 3477
2 3488
1 3492
2 3489
1 3493
0 3505
0 3555
1 3573
0 3604
3 3604
0 3654
0 3703
3 3724
1 3732
1 3733
1 3734
0 3752
2 3797
0 3802
1 3834
0 3852
1 3876
1 3877
2 3907
2 3913
1 3888
2 3920
2 3927
2 3939
1 3909
1 3910
0 3918
2 3995
1 3950
1 3951
3 3954
1 3952
2 3996
2 3997
2 3998
0 3968
0 4018
3 4041
0 4068
3 4074
2 4121
2 4122
3 4075
0 4118
0 4168
3 4190
1 4201
2 4243
1 4202
1 4203
2 4244
1 4204
1 4205
2 4245
1 4206
2 4246
1 4207
2 4247
3 4191
0 4218
3 4240
0 4268
1 4307
3 4282
1 4308
1 4309
3 4283
0 4318
1 4362
2 4371
2 4372
0 4369
3 4362
0 4416
3 4439
1 4481
2 4467
3 4440
2 4468
0 4465
2 4532
0 4513
1 4575
2 4581
3 4516
1 4576
3 4517
3 4518
3 4519
3 4520
2 4582
0 4563
2 4633
2 4635
0 4614
1 4662
3 4608
2 4673
2 4674
3 4609
3 4610
1 4663
1 4664
0 4665
2 4738
2 4739
2 4740
2 4743
3 4678
0 4716
3 4723
1 4766
2 4788
3 4724
0 4766
1 4829
0 4816
1 4871
1 4872
3 4826
2 4924
1 4873
1 4874
0 4867
2 4973
3 4879
0 4917
1 4976
2 5035
0 4967
2 5090
2 5092
1 5032
3 5001
3 5002
2 5093
1 5033
1 5034
3 5003
0 5018
3 5033
2 5140
3 5034
0 5068
2 5168
2 5169
2 5170
1 5103
2 5171
3 5073
3 5074
0 5118
1 5169
0 5168
0 5218
2 5348
0 5268
3 5297
0 5318
2 5453
0 5368
3 5389
3 5390
1 5452
1 5453
2 5500
2 5501
3 5391
3 5392
3 5393
2 5502
3 5394
0 5419
0 5469
1 5585
3 5490
2 5605
3 5491
0 5519
3 5528
1 5623
3 5529
0 5569
1 5674
2 5690
2 5691
0 5619
2 5720
3 5611
1 5719
1 5720
0 5669
0 5719
0 5769
1 5851
3 5739
3 5740
0 5819
3 5785
1 5896
0 5869
3 5846
3 5847
2 5951
3 5848
0 5919
2 6012
1 6002
2 6013
0 5969
0 6018
3 5990
0 6068
1 6155
2 6154
2 6156
0 6118
1 6199
0 6168
1 6242
0 6217
3 6187
3 6188
3 6189
1 6294
2 6283
1 6296
1 6297
0 6266
3 6250
2 6347
2 6348
0 6316
2 6385
3 6287
2 6386
3 6288
0 6366
2 6411
3 6326
2 6412
1 6421
0 6417
0 6466
0 6516
1 6581
3 6476
3 6477
3 6478
1 6582
1 6583
3 6479
3 6480
3 6481
2 6574
3 6482
1 6584
2 6575
2 6576
3 6485
0 6567
1 6637
2 6623
0 6617
2 6658
3 6577
1 6690
3 6578
1 6691
2 6662
0 6668
3 6632
2 6717
1 6740
0 6718
3 6690
0 6768
2 6806
0 6817
0 6860
3 6818
1 6930
1 6931
0 6910
3 6867
2 6953
1 6980
1 6981
3 6868
3 6869
1 6982
0 6960
2 7015
3 6943
0 7012
1 7101
0 7061
3 7033
2 7104
0 7111
0 7158
0 7208
2 7248
3 7162
3 7163
0 7259
2 7307
0 7309
1 7407
2 7346
1 7408
2 7349
0 7363
1 7453
2 7389
3 7310
0 7412
1 7515
2 7457
3 7359
3 7360
2 7458
0 7462
1 7565
2 7514
1 7566
1 7567
0 7513
1 7603
1 7604
0 7563
2 7609
1 7653
3 7503
2 7610
1 7654
3 7504
3 7505
0 7615
2 7662
2 7663
0 7665
1 7764
3 7596
1 7765
1 7766
0 7715
0 7767
3 7724
2 7835
3 7725
3 7726
0 7817
2 7895
1 7943
2 7896
1 7944
3 7793
2 7897
2 7902
1 7946
1 7947
1 7948
1 7949
3 7794
3 7795
1 7950
3 7796
3 7797
1 7951
1 7952
2 7904
0 7869
3 7855
1 8018
1 8019
0 7919
3 7905
1 8076
1 8077
0 7969
2 8070
1 8130
0 8020
0 8070
3 8034
3 8035
2 8178
3 8036
1 8231
2 8179
1 8232
0 8118
0 8168
0 8218
0 8268
0 8318
0 8367
3 8330
0 8417
0 8467
2 8593
1 8646
0 8517
2 8660
0 8567
1 8750
3 8551
0 8617
0 8667
3 8653
0 8717
2 8885
1 8933
3 8716
2 8886
2 8887
2 8888
3 8717
2 8889
3 8718
3 8719
0 8767
2 8948
2 8949
1 8995
2 8950
0 8816
0 8866
2 9021
3 8849
0 8918
0 8968
3 8942
1 9159
3 8943
1 9160
0 9018
1 9193
1 9194
1 9195
2 9173
1 9196
2 9174
2 9175
3 8984
3 8985
1 9197
2 9176
2 9177
0 9068
1 9261
2 9224
1 9262
3 9052
2 9228
3 9054
1 9265
1 9266
0 9118
0 9168
1 9370
2 9336
0 9217
0 9266
0 9315
0 9364
0 9413
1 9619
1 9620
1 9621
0 9462
3 9435
0 9511
3 9494
2 9665
3 9495
3 9496
3 9497
2 9666
0 9560
3 9543
2 9705
1 9760
3 9544
2 9706
0 9609
0 9658
3 9620
3 9621
3 9622
2 9802
3 9624
1 9850
1 9851
2 9803
1 9852
3 9625
2 9804
2 9805
1 9853
0 9707
0 9756
2 9928
3 9729
3 9730
2 9929
1 9961
2 9930
3 9731
0 9806
3 9774
0 9855
2 10053
1 10073
3 9843
3 9844
0 9904
3 9884
0 9952
2 10128
3 9935
0 10001
0 10050
2 10194
1 10222
1 10223
0 10099
1 10254
2 10238
0 10148
3 10100
1 10304
1 10305
3 10101
1 10306
3 10102
2 10273
1 10307
3 10103
2 10274
2 10275
2 10276
2 10277
2 10278
2 10279
2 10280
2 10281
1 10308
1 10309
3 10104
2 10284
0 10198
2 10317
2 10318
2 10319
1 10352
3 10144
1 10353
1 10354
2 10320
1 10355
0 10246
0 10295
2 10405
0 10344
2 10453
3 10263
0 10393
2 10499
0 10442
3 10345
0 10491
3 10403
0 10539
2 10644
2 10645
0 10588
0 10637
0 10685
2 10800
3 10572
1 10830
2 10801
2 10802
3 10573
3 10574
1 10831
3 10575
1 10832
3 10576
1 10833
2 10803
3 10577
0 10733
0 10781
0 10828
0 10875
1 11029
2 10984
2 10985
1 11030
0 10923
2 11048
3 10831
3 10832
3 10833
3 10834
0 10970
3 10879
3 10880
2 11110
1 11129
0 11018
2 11147
1 11178
2 11148
3 10933
2 11149
1 11179
1 11180
1 11181
1 11182
0 11067
3 10984
0 11115
0 11163
1 11319
2 11280
3 11072
0 11211
1 11365
1 11366
2 11325
3 11115
0 11259
0 11306
3 11227
0 11353
1 11524
0 11400
0 11447
3 11370
0 11494
3 11413
1 11673
0 11541
1 11720
1 11721
1 11722
0 11588
2 11706
2 11707
1 11763
1 11764
2 11708
0 11634
1 11800
2 11754
0 11682
1 11840
0 11728
2 11840
0 11775
1 11898
3 11669
3 11670
1 11899
2 11883
1 11900
0 11822
0 11869
2 11975
2 11976
1 11990
1 11991
3 11770
2 11977
3 11771
0 11915
3 11819
1 12026
3 11820
3 11822
2 12025
2 12026
3 11823
3 11824
0 11961
1 12073
0 12007
0 12053
0 12099
2 12173
0 12145
0 12192
3 12099
0 12238
0 12284
0 12330
2 12375
2 12376
2 12377
1 12427
2 12378
1 12428
0 12375
1 12487
2 12441
3 12309
1 12488
1 12489
0 12422
0 12468
1 12591
1 12592
3 12398
0 12514
1 12654
0 12560
1 12712
1 12713
1 12714
2 12618
0 12606
3 12553
2 12660
3 12554
1 12765
1 12766
0 12652
1 12823
0 12698
2 12755
0 12743
3 12697
0 12788
2 12837
0 12833
2 12880
0 12878
0 12923
0 12967
0 13012
1 13188
1 13189
2 13044
3 12968
2 13045
3 12969
1 13190
0 13056
2 13074
0 13099
2 13114
2 13120
0 13145
1 13302
3 13104
3 13105
0 13187
3 13140
1 13340
2 13186
3 13141
1 13341
0 13230
1 13373
1 13374
0 13273
2 13277
2 13278
0 13317
1 13458
1 13459
1 13460
0 13354
1 13520
0 13392
2 13403
2 13411
3 13366
0 13447
3 13401
2 13451
2 13492
2 13534
0 13595
1 13730
1 13731
1 13732
3 13540
1 13733
2 13578
2 13619
1 13821
3 13604
3 13605
0 13690
1 13822
3 13606
0 13691
1 13823
2 13661
2 13701
1 13896
0 13781
1 13897
2 13741
3 13735
1 13950
2 13781
0 13882
0 13883
2 13819
1 14016
3 13790
0 13916
1 14017
3 13791
2 13858
3 13845
2 13896
3 13885
2 13934
0 14026
0 14027
2 13973
1 14182
0 14066
0 14067
3 13936
3 13937
1 14183
1 14184
1 14185
3 13938
2 14010
0 14096
2 14047
0 14151
0 14152
0 14153
3 14021
3 14022
1 14261
3 14023
2 14083
0 14186
1 14298
3 14071
0 14187
0 14188
3 14072
3 14073
3 14074
0 14189
0 14190
2 14118
3 14109
1 14328
3 14110
2 14154
1 14364
1 14365
3 14155
3 14156
0 14268
3 14157
2 14189
3 14207
2 14223
0 14360
2 14254
1 14488
0 14404
0 14405
0 14406
2 14286
2 14317
1 14532
2 14347
0 14488
2 14377
2 14407
1 14608
0 14541
3 14426
0 14543
3 14427
0 14544
1 14610
2 14438
2 14467
0 14594
0 14595
2 14496
3 14482
1 14672
3 14483
1 14673
3 14484
3 14485
0 14624
0 14625
0 14626
1 14674
2 14523
2 14550
3 14529
1 14714
2 14575
1 14742
2 14599
1 14759
2 14623
1 14782
1 14783
0 14751
3 14587
0 14752
3 14588
2 14645
3 14612
1 14814
3 14613
3 14614
1 14815
0 14784
0 14785
1 14816
1 14817
2 14666
3 14643
1 14831
0 14813
2 14687
3 14662
3 14663
0 14829
3 14664
0 14830
2 14706
0 14853
2 14724
1 14874
1 14875
0 14865
0 14866
3 14689
1 14876
0 14867
2 14741
3 14707
1 14892
3 14708
1 14893
3 14709
3 14710
3 14712
1 14895
3 14713
3 14714
0 14882
1 14896
3 14715
1 14897
2 14756
0 14887
2 14768
3 14742
3 14744
3 14745
1 14925
1 14926
2 14781
3 14758
0 14908
1 14938
3 14759
0 14909
2 14792
1 14948
1 14949
0 14926
0 14927
3 14772
2 14803
3 14780
3 14781
0 14938
2 14814
3 14791
3 14792
