1 846
3 840
3 841
0 816
0 838
0 854
1 906
1 928
0 911
3 951
0 927
1 971
1 980
0 985
2 1018
1 1025
3 1030
0 1022
3 1060
1 1058
2 1065
3 1062
0 1057
3 1102
2 1112
3 1103
2 1113
1 1101
3 1104
3 1105
2 1114
0 1096
3 1140
2 1144
2 1145
2 1146
2 1147
1 1143
2 1148
3 1141
1 1144
3 1142
0 1135
0 1176
1 1245
2 1239
1 1246
3 1230
3 1231
0 1221
2 1280
3 1253
1 1274
2 1281
3 1254
3 1255
1 1275
2 1282
0 1267
0 1313
1 1350
0 1359
2 1416
0 1407
0 1457
1 1504
1 1505
1 1506
3 1486
3 1487
1 1507
3 1488
0 1507
1 1549
1 1550
1 1551
3 1526
3 1527
0 1557
2 1603
2 1604
0 1607
3 1631
3 1632
1 1649
0 1657
0 1707
3 1719
0 1757
0 1807
2 1844
0 1857
1 1873
1 1874
1 1875
0 1907
1 1941
1 1942
1 1943
3 1925
3 1926
2 1958
3 1927
3 1928
3 1929
1 1944
0 1957
0 2007
2 2065
3 2034
3 2035
3 2036
3 2037
2 2066
2 2067
1 2051
2 2068
2 2069
1 2052
1 2053
1 2054
3 2038
3 2039
2 2070
3 2040
0 2058
1 2111
0 2108
3 2138
2 2165
1 2148
2 2166
1 2149
3 2139
0 2159
1 2200
0 2209
3 2257
0 2259
3 2298
0 2309
1 2324
2 2374
2 2375
3 2342
3 2345
3 2346
2 2376
3 2347
3 2348
2 2377
2 2378
2 2379
2 2380
3 2349
0 2360
3 2398
2 2429
3 2401
3 2402
1 2373
1 2374
1 2375
1 2376
2 2430
2 2431
3 2403
3 2404
2 2432
0 2411
2 2471
0 2461
2 2513
1 2453
0 2511
3 2554
0 2561
0 2611
3 2628
1 2582
1 2583
0 2661
1 2653
2 2696
2 2697
1 2654
3 2690
1 2655
0 2711
2 2740
3 2732
3 2733
3 2734
0 2762
2 2785
1 2741
2 2786
2 2787
2 2788
1 2742
1 2743
2 2789
1 2744
2 2790
3 2790
0 2814
3 2852
2 2847
0 2864
3 2923
2 2912
2 2913
3 2924
0 2914
1 2889
1 2890
2 2958
3 2974
2 2959
1 2891
3 2975
2 2960
1 2892
2 2961
1 2893
1 2894
3 2976
0 2964
0 3014
3 3084
0 3064
1 3071
2 3129
2 3130
1 3072
2 3131
0 3113
2 3176
1 3143
2 3177
1 3144
1 3145
3 3190
1 3146
2 3178
0 3163
1 3184
2 3214
0 3213
2 3260
1 3240
1 3241
3 3270
2 3263
1 3242
0 3264
3 3312
2 3324
0 3313
0 3363
1 3405
2 3418
0 3413
1 3447
3 3428
0 3464
3 3483
3 3484
1 3499
2 3495
0 3514
0 3564
1 3580
3 3568
2 3599
3 3569
2 3600
3 3570
3 3571
3 3572
1 3581
1 3582
3 3573
0 3614
1 3627
3 3619
3 3620
3 3621
2 3628
1 3629
2 3630
1 3630
1 3631
3 3623
0 3665
3 3678
2 3690
1 3691
2 3691
1 3692
1 3693
1 3694
2 3693
0 3715
3 3734
3 3735
0 3764
3 3772
3 3773
2 3802
1 3796
2 3803
2 3805
0 3817
0 3867
2 3928
1 3899
0 3912
3 3943
1 3945
0 3962
0 4012
1 4052
1 4053
3 4036
1 4054
2 4080
0 4062
1 4094
3 4071
3 4072
0 4112
2 4175
2 4176
0 4162
2 4232
3 4179
3 4182
0 4212
1 4253
0 4262
1 4300
1 4301
3 4276
2 4330
3 4277
1 4302
3 4278
2 4331
2 4332
1 4303
3 4279
3 4280
1 4304
0 4312
2 4365
0 4362
1 4402
3 4355
3 4356
2 4404
0 4413
1 4472
0 4462
1 4525
2 4530
2 4535
2 4539
2 4543
2 4545
2 4548
2 4550
1 4543
3 4486
1 4545
0 4527
1 4583
2 4587
1 4584
0 4577
1 4639
1 4640
0 4627
1 4671
2 4680
2 4682
3 4619
3 4620
3 4621
2 4683
3 4622
3 4623
0 4678
2 4761
0 4728
2 4814
1 4785
0 4779
0 4829
3 4847
2 4946
3 4848
3 4849
0 4878
0 4928
0 4977
2 5102
3 5010
3 5011
1 5039
1 5040
0 5028
2 5144
0 5078
2 5185
3 5083
1 5114
1 5115
2 5186
1 5116
2 5187
1 5117
3 5084
3 5085
0 5128
3 5145
1 5178
1 5179
0 5178
1 5242
2 5302
2 5303
1 5243
0 5228
3 5256
1 5308
3 5257
1 5309
0 5278
1 5364
0 5328
0 5378
0 5428
3 5447
0 5478
3 5496
1 5593
0 5528
0 5578
0 5628
2 5736
3 5626
2 5737
1 5734
1 5735
0 5677
0 5727
1 5824
3 5714
2 5826
2 5827
0 5777
0 5827
3 5791
2 5905
3 5792
0 5877
1 5950
3 5856
2 5961
3 5857
2 5962
1 5951
3 5858
2 5963
2 5964
0 5927
3 5901
2 6018
2 6019
0 5977
1 6071
3 5950
1 6072
2 6064
3 5951
1 6073
2 6065
2 6066
2 6067
3 5952
3 5953
1 6074
2 6068
2 6069
1 6075
1 6076
2 6070
0 6027
2 6112
3 6000
2 6113
3 6001
2 6114
0 6077
2 6164
0 6127
3 6100
2 6205
0 6177
1 6250
3 6147
3 6148
3 6149
0 6226
3 6195
0 6276
2 6355
1 6352
0 6326
0 6376
0 6425
0 6474
2 6537
3 6432
2 6538
3 6433
2 6540
2 6542
0 6525
3 6489
2 6581
0 6575
1 6645
3 6542
1 6646
3 6543
1 6647
1 6648
1 6649
1 6650
1 6651
2 6627
3 6544
3 6545
2 6628
1 6652
1 6653
1 6654
3 6546
0 6625
0 6673
0 6723
1 6802
2 6767
3 6694
0 6774
1 6848
1 6849
0 6823
1 6898
1 6899
0 6867
0 6917
2 6958
1 6993
1 6994
2 6961
1 6995
0 6967
2 7024
1 7059
2 7029
3 6959
1 7062
0 7019
3 7001
1 7110
3 7002
0 7069
1 7172
2 7106
1 7173
0 7119
1 7210
3 7079
2 7150
0 7167
2 7206
2 7207
2 7209
0 7219
2 7262
0 7268
3 7215
1 7366
0 7318
3 7257
0 7365
2 7395
2 7397
3 7316
2 7401
1 7457
1 7458
1 7459
2 7402
0 7417
3 7367
2 7474
1 7525
3 7368
3 7369
2 7475
2 7476
1 7526
3 7370
0 7467
0 7517
3 7450
3 7451
2 7561
0 7567
2 7612
2 7613
3 7511
1 7656
0 7617
3 7553
1 7709
3 7554
1 7710
2 7666
3 7555
1 7711
0 7667
1 7767
0 7718
1 7817
1 7818
3 7648
0 7765
3 7720
3 7721
0 7815
3 7787
1 7938
2 7890
3 7788
3 7789
2 7891
3 7790
3 7791
1 7939
1 7940
1 7941
0 7865
1 8009
1 8010
1 8011
3 7847
3 7848
3 7849
2 7959
2 7960
2 7961
0 7916
2 8026
3 7901
3 7902
2 8027
0 7966
3 7931
3 7932
2 8065
2 8066
3 7933
2 8067
0 8016
1 8175
3 7975
0 8066
2 8169
0 8115
3 8097
2 8240
2 8241
3 8100
0 8165
2 8277
0 8214
0 8264
3 8235
1 8421
1 8422
3 8236
0 8314
1 8480
3 8286
3 8287
3 8288
3 8289
1 8483
0 8364
0 8414
3 8377
1 8572
2 8526
1 8573
3 8378
1 8574
0 8464
1 8639
2 8590
0 8514
3 8486
3 8487
1 8698
3 8488
2 8652
2 8653
2 8656
1 8701
2 8657
0 8564
1 8749
3 8549
2 8703
2 8704
0 8614
0 8664
0 8714
0 8764
3 8772
1 8994
0 8814
0 8864
0 8914
1 9119
3 8886
2 9066
1 9120
1 9121
0 8964
3 8935
3 8936
3 8937
3 8938
3 8939
0 9014
0 9064
3 9049
2 9223
1 9259
0 9114
2 9285
2 9286
2 9291
2 9292
0 9163
3 9153
0 9212
1 9412
0 9261
3 9256
0 9310
3 9313
3 9314
1 9527
2 9486
1 9528
3 9315
1 9529
0 9359
0 9408
1 9616
3 9402
2 9566
3 9403
0 9457
2 9601
0 9506
1 9712
1 9713
0 9555
3 9541
2 9703
0 9604
0 9652
2 9791
2 9792
1 9843
3 9613
3 9614
2 9793
0 9701
3 9670
1 9902
0 9750
2 9917
2 9918
1 9951
1 9952
0 9799
0 9848
2 10048
2 10049
3 9840
0 9898
3 9877
1 10102
3 9878
1 10103
3 9879
2 10086
2 10087
1 10104
0 9947
2 10126
0 9996
3 9960
1 10177
3 9961
0 10045
2 10183
2 10184
2 10185
2 10186
2 10187
3 9998
2 10188
1 10216
3 9999
1 10217
2 10189
1 10218
0 10094
0 10142
3 10094
1 10292
3 10095
2 10271
0 10192
3 10142
0 10241
1 10392
3 10180
0 10290
3 10228
0 10339
1 10468
3 10257
2 10450
0 10388
1 10514
2 10492
1 10515
2 10493
1 10516
0 10437
2 10537
2 10538
2 10539
3 10343
0 10486
2 10588
0 10536
2 10630
0 10584
0 10633
3 10525
0 10681
2 10794
3 10567
0 10729
0 10777
2 10894
1 10912
3 10664
0 10826
0 10874
3 10767
2 10983
0 10922
3 10828
2 11046
3 10829
3 10830
2 11047
1 11075
0 10971
1 11130
3 10881
0 11019
0 11066
2 11187
2 11188
0 11114
1 11277
0 11162
2 11278
2 11279
1 11320
0 11210
3 11114
2 11322
2 11323
2 11324
0 11258
0 11305
0 11351
2 11452
3 11265
1 11522
1 11523
3 11266
0 11398
0 11445
3 11362
3 11363
3 11364
1 11630
2 11559
2 11560
2 11561
0 11492
0 11539
0 11585
3 11504
3 11505
3 11506
2 11705
3 11507
1 11761
3 11508
1 11762
0 11632
3 11551
2 11752
2 11753
1 11798
1 11799
0 11680
1 11838
0 11727
2 11838
3 11633
1 11864
1 11865
2 11839
0 11774
2 11882
3 11668
0 11821
0 11868
2 11974
3 11769
0 11914
2 12022
2 12023
1 12025
3 11821
2 12024
0 11960
2 12060
2 12061
3 11864
3 11865
3 11866
2 12062
2 12063
2 12064
2 12065
1 12071
1 12072
3 11867
0 12006
2 12094
3 11911
1 12126
3 11912
3 11913
1 12127
3 11914
1 12128
0 12052
1 12175
1 12176
2 12137
1 12177
2 12138
0 12098
3 12010
0 12144
1 12246
3 12054
0 12190
1 12278
3 12093
1 12279
3 12094
3 12095
1 12280
1 12281
3 12096
3 12097
1 12282
2 12236
1 12283
1 12284
2 12237
3 12098
2 12238
0 12237
3 12165
0 12283
0 12329
3 12255
1 12426
3 12256
2 12374
2 12379
0 12376
1 12485
1 12486
2 12440
0 12421
1 12535
1 12536
0 12467
1 12590
0 12513
1 12653
2 12570
0 12559
0 12605
0 12650
0 12696
1 12863
3 12652
1 12864
0 12741
3 12695
3 12696
2 12795
0 12786
3 12751
3 12752
1 12950
3 12753
1 12951
1 12952
0 12831
3 12789
3 12790
3 12791
3 12792
2 12879
0 12876
0 12921
0 12965
2 13003
2 13004
0 13009
3 12964
3 12965
1 13185
1 13186
0 13053
0 13095
1 13251
1 13252
2 13113
1 13258
2 13117
2 13122
2 13128
3 13079
3 13080
0 13153
1 13312
3 13116
0 13196
1 13346
3 13150
2 13191
1 13347
0 13239
1 13385
2 13228
0 13282
0 13324
2 13321
1 13483
2 13328
0 13369
2 13375
2 13376
3 13325
3 13326
0 13411
2 13419
1 13589
2 13437
2 13479
1 13678
0 13530
3 13483
3 13484
3 13485
0 13531
1 13679
1 13680
2 13523
2 13565
2 13606
0 13669
0 13670
0 13671
0 13672
0 13673
3 13592
1 13813
3 13593
3 13594
1 13814
1 13815
2 13647
3 13632
3 13633
3 13634
2 13688
3 13687
2 13728
1 13928
0 13806
0 13807
0 13808
0 13809
2 13768
0 13863
1 13966
2 13807
0 13900
0 13901
2 13846
0 13939
1 14051
3 13824
3 13825
1 14052
1 14053
3 13826
1 14056
2 13885
3 13868
2 13923
3 13906
3 13907
0 14019
1 14133
2 13960
0 14054
3 13928
2 13997
1 14206
1 14207
0 14085
1 14208
3 13954
3 13955
0 14086
3 13956
0 14087
1 14209
2 14034
2 14070
2 14106
2 14142
0 14248
0 14249
3 14138
1 14353
2 14177
1 14395
1 14396
3 14189
0 14297
0 14298
3 14192
0 14301
3 14193
0 14302
0 14303
3 14194
1 14399
1 14400
3 14195
0 14304
2 14213
