0 840
2 854
0 858
3 882
2 874
1 911
1 936
3 941
0 920
2 950
3 961
2 951
2 952
2 953
0 939
2 972
0 963
3 995
2 993
0 987
2 1019
2 1020
1 1028
2 1030
2 1031
1 1039
2 1050
0 1038
3 1073
3 1074
3 1075
2 1083
2 1089
3 1083
2 1092
2 1095
0 1081
1 1123
3 1124
2 1131
0 1120
3 1174
2 1174
2 1175
3 1175
2 1176
1 1180
3 1176
2 1177
1 1181
2 1178
3 1177
3 1178
0 1160
1 1223
0 1203
0 1249
0 1295
2 1347
0 1341
2 1398
3 1367
2 1399
0 1388
2 1454
2 1455
0 1438
2 1505
2 1506
3 1456
3 1457
1 1488
3 1458
0 1488
3 1508
3 1509
1 1527
2 1534
2 1535
1 1528
1 1529
3 1510
0 1538
3 1560
3 1561
3 1562
2 1586
0 1589
0 1638
3 1653
1 1678
3 1654
1 1679
1 1680
3 1655
0 1688
0 1738
0 1789
0 1839
0 1889
1 1910
3 1898
2 1927
3 1899
1 1911
3 1900
1 1912
0 1939
2 1996
2 1997
3 1962
0 1989
0 2039
2 2104
1 2080
1 2081
2 2105
3 2068
1 2082
2 2106
2 2107
0 2089
0 2139
0 2189
0 2239
0 2288
2 2361
3 2330
1 2309
0 2338
3 2371
2 2400
1 2347
3 2372
1 2348
2 2401
2 2402
3 2373
2 2403
2 2404
0 2388
2 2449
1 2396
1 2397
3 2422
0 2438
1 2436
1 2437
0 2488
3 2533
1 2486
3 2534
1 2487
3 2535
2 2546
3 2536
3 2537
1 2488
3 2540
1 2489
0 2539
2 2580
0 2589
0 2639
2 2676
1 2615
3 2663
1 2616
3 2664
1 2617
3 2665
0 2689
1 2675
2 2727
2 2728
2 2729
3 2718
3 2719
3 2720
2 2730
1 2676
1 2677
1 2678
1 2679
1 2680
2 2731
0 2740
1 2719
1 2720
0 2790
2 2812
3 2811
2 2813
3 2812
1 2764
1 2765
0 2840
2 2873
3 2890
3 2891
0 2890
3 2947
3 2948
3 2949
3 2950
1 2872
0 2940
0 2990
0 3040
2 3109
0 3090
0 3139
1 3172
3 3219
3 3220
1 3173
2 3200
3 3222
2 3202
2 3203
0 3189
1 3207
3 3250
3 3251
2 3236
2 3237
3 3252
2 3238
3 3253
2 3239
0 3239
2 3301
3 3290
0 3289
0 3339
2 3390
3 3374
1 3371
2 3391
0 3389
0 3439
2 3475
0 3490
0 3540
0 3590
1 3608
2 3619
3 3596
1 3609
1 3610
3 3597
1 3611
3 3598
0 3640
3 3651
2 3664
1 3652
3 3652
1 3653
2 3665
3 3653
1 3654
3 3654
1 3655
3 3655
0 3690
3 3707
2 3725
1 3721
0 3740
0 3789
0 3838
2 3891
1 3869
2 3896
2 3903
1 3879
1 3883
3 3876
0 3899
2 3979
1 3934
0 3949
2 4034
1 3984
0 3999
0 4049
1 4080
2 4107
2 4108
1 4083
2 4109
3 4064
2 4110
1 4084
0 4099
1 4129
0 4149
3 4164
2 4214
1 4177
2 4215
2 4216
2 4217
3 4165
1 4178
3 4166
1 4179
2 4218
1 4180
0 4199
2 4272
0 4249
1 4288
1 4289
2 4320
3 4268
2 4321
0 4299
2 4351
1 4336
0 4349
0 4398
2 4443
1 4452
3 4407
3 4408
3 4409
3 4410
3 4411
1 4453
3 4412
3 4413
1 4454
1 4455
0 4448
1 4503
2 4505
3 4460
1 4506
1 4507
2 4506
3 4461
2 4507
3 4462
3 4463
2 4509
1 4508
2 4511
2 4513
2 4515
3 4467
2 4516
0 4503
1 4562
1 4563
3 4501
2 4573
3 4502
1 4564
1 4565
1 4566
1 4567
1 4568
3 4503
3 4504
3 4505
3 4506
3 4507
2 4574
1 4570
0 4553
0 4602
0 4652
3 4659
1 4707
3 4660
3 4661
2 4721
2 4722
0 4702
0 4751
3 4767
2 4848
3 4768
2 4850
2 4851
3 4769
2 4852
3 4770
3 4771
0 4802
1 4857
2 4901
2 4902
3 4820
0 4852
1 4911
2 4964
0 4902
2 5014
3 4929
2 5015
3 4930
1 4964
3 4931
3 4932
1 4965
1 4966
3 4933
1 4967
2 5016
2 5017
0 4953
1 5017
1 5018
1 5019
2 5067
0 5002
1 5058
2 5129
0 5052
2 5159
3 5058
2 5160
3 5059
1 5090
1 5091
0 5102
3 5111
1 5149
2 5210
1 5150
0 5152
2 5262
1 5200
1 5201
2 5263
2 5264
0 5202
1 5270
1 5271
1 5272
0 5252
0 5302
1 5391
1 5392
3 5329
2 5439
1 5393
2 5440
3 5330
0 5352
3 5371
0 5402
2 5534
1 5491
3 5423
2 5536
0 5453
1 5565
1 5566
0 5503
0 5553
1 5658
2 5677
0 5603
3 5588
0 5653
3 5650
1 5766
0 5703
2 5805
0 5753
0 5803
1 5876
2 5882
0 5853
0 5903
3 5889
1 5984
2 5988
1 5985
0 5953
2 6041
1 6036
2 6042
1 6037
0 6003
2 6091
0 6053
0 6103
1 6189
2 6188
3 6079
0 6153
1 6229
3 6127
1 6230
0 6203
2 6267
0 6253
1 6328
3 6229
0 6303
1 6373
2 6371
0 6354
0 6404
1 6478
1 6479
3 6367
3 6368
2 6456
1 6481
0 6451
1 6522
2 6512
2 6513
0 6501
3 6453
1 6566
0 6551
0 6600
2 6643
0 6650
3 6611
1 6721
2 6698
1 6724
0 6701
1 6775
3 6669
2 6750
3 6671
3 6672
0 6751
2 6793
1 6828
2 6794
1 6829
3 6718
0 6800
2 6853
3 6771
3 6772
1 6884
0 6850
0 6900
2 6937
2 6938
3 6858
1 6971
2 6940
2 6941
0 6950
1 7033
1 7034
2 7005
2 7009
2 7011
0 7005
2 7063
1 7094
3 6986
0 7055
1 7154
2 7101
1 7155
1 7156
3 7028
3 7029
3 7030
0 7104
1 7197
3 7059
2 7132
3 7063
2 7135
0 7156
1 7258
1 7259
0 7206
2 7246
2 7247
0 7256
1 7357
1 7358
2 7303
1 7359
2 7306
1 7360
0 7308
2 7343
3 7251
2 7344
2 7345
0 7358
1 7450
2 7387
3 7306
2 7388
0 7410
1 7513
1 7514
2 7455
0 7460
0 7510
3 7437
1 7594
0 7559
3 7500
3 7501
2 7605
2 7606
2 7607
3 7502
0 7609
2 7647
3 7543
1 7700
2 7648
2 7649
1 7701
1 7702
1 7703
3 7544
0 7659
3 7591
0 7709
2 7756
1 7809
3 7636
3 7637
2 7757
3 7638
2 7758
2 7759
2 7760
0 7760
2 7820
2 7821
2 7822
2 7823
1 7869
2 7824
3 7718
1 7870
3 7719
0 7810
1 7932
1 7933
2 7885
2 7886
2 7887
2 7888
3 7782
0 7860
1 8003
0 7910
0 7960
1 8124
0 8010
2 8128
0 8060
2 8162
3 8021
3 8022
3 8023
0 8110
1 8284
3 8094
0 8160
1 8336
1 8337
0 8210
1 8381
1 8382
0 8260
0 8310
2 8414
3 8280
1 8474
0 8360
1 8521
2 8459
2 8460
3 8322
2 8461
0 8410
2 8523
2 8524
3 8374
2 8525
0 8460
0 8510
3 8482
2 8651
3 8483
1 8694
1 8695
3 8484
3 8485
0 8560
0 8610
2 8765
1 8805
2 8766
1 8806
2 8767
3 8609
3 8610
1 8807
1 8808
3 8611
3 8612
2 8768
2 8769
2 8770
2 8771
1 8809
3 8613
1 8810
1 8811
1 8812
1 8813
0 8660
1 8863
3 8649
3 8650
0 8710
2 8873
2 8874
1 8921
3 8704
1 8922
2 8875
1 8923
1 8924
3 8705
2 8876
3 8706
2 8877
2 8878
3 8707
2 8879
3 8708
3 8709
0 8760
2 8938
3 8766
2 8939
0 8810
3 8805
3 8806
1 9029
3 8807
0 8861
2 9016
0 8911
0 8960
2 9115
0 9009
2 9161
3 8972
0 9059
1 9253
1 9254
3 9044
3 9046
2 9222
0 9109
1 9311
2 9278
3 9096
2 9279
1 9312
3 9097
0 9159
3 9143
1 9361
2 9331
3 9150
3 9151
0 9209
0 9258
0 9307
3 9311
3 9312
0 9356
1 9574
1 9575
3 9365
2 9522
3 9366
0 9405
0 9454
1 9661
1 9662
0 9503
3 9491
3 9492
0 9552
0 9601
0 9649
0 9700
0 9748
1 9950
2 9916
3 9725
3 9726
0 9797
3 9771
1 10002
0 9846
1 10067
0 9895
0 9945
0 9994
3 9958
2 10149
1 10175
1 10176
3 9959
0 10043
3 9993
2 10180
1 10210
1 10211
3 9994
3 9995
2 10181
1 10212
1 10213
2 10182
0 10092
0 10141
0 10190
0 10239
0 10288
3 10226
3 10227
0 10337
2 10447
0 10385
0 10433
1 10565
0 10482
0 10530
1 10678
2 10627
0 10579
0 10627
3 10524
2 10746
0 10675
1 10821
2 10789
1 10822
0 10723
2 10852
0 10771
0 10819
3 10708
1 10958
1 10961
1 10962
3 10709
1 10963
0 10868
3 10761
0 10916
3 10823
1 11073
2 11042
0 10964
2 11104
3 10878
2 11105
0 11012
1 11168
2 11139
3 10926
3 10927
1 11169
1 11170
0 11060
3 10979
1 11217
1 11218
0 11108
1 11269
2 11229
2 11230
3 11018
3 11019
3 11020
0 11156
1 11311
2 11266
2 11267
2 11268
2 11269
3 11056
2 11270
3 11057
2 11271
2 11272
2 11273
1 11312
3 11058
1 11313
2 11274
3 11063
2 11275
3 11064
0 11204
0 11251
3 11168
0 11298
1 11471
3 11217
2 11417
2 11418
3 11218
2 11419
3 11219
2 11420
0 11345
1 11515
1 11516
1 11517
1 11518
3 11262
3 11263
3 11264
1 11519
0 11392
3 11309
1 11566
0 11439
0 11485
1 11668
3 11411
0 11532
1 11714
0 11579
1 11747
3 11497
0 11626
0 11673
3 11596
3 11597
1 11836
0 11720
0 11766
3 11658
0 11813
2 11917
0 11860
0 11906
0 11952
2 12052
3 11852
1 12062
3 11853
0 11998
2 12092
3 11907
1 12123
3 11908
0 12044
0 12089
2 12162
2 12163
2 12164
2 12165
3 12001
1 12203
0 12135
1 12240
1 12241
2 12202
0 12181
2 12232
1 12272
1 12273
2 12233
0 12228
3 12140
3 12141
1 12323
2 12279
2 12280
3 12142
0 12273
1 12379
2 12337
0 12319
2 12363
0 12365
1 12476
3 12299
0 12411
2 12475
0 12457
0 12501
2 12563
1 12638
1 12639
0 12547
1 12694
1 12695
2 12605
1 12696
3 12479
3 12480
1 12697
3 12481
1 12698
0 12593
1 12743
3 12528
2 12649
2 12650
2 12651
2 12652
1 12744
3 12529
3 12530
3 12531
1 12745
1 12746
0 12640
2 12692
1 12809
2 12693
2 12694
2 12695
0 12686
0 12731
0 12776
2 12820
3 12733
0 12821
1 12990
1 12991
0 12868
1 13037
0 12913
0 12956
0 13000
0 13044
0 13087
0 13125
1 13287
0 13164
0 13208
1 13351
2 13196
1 13352
3 13158
1 13353
1 13354
2 13198
2 13199
2 13200
2 13201
3 13159
3 13160
0 13252
2 13244
3 13203
2 13245
3 13204
3 13205
3 13206
0 13295
2 13296
3 13255
1 13444
3 13256
0 13338
1 13498
1 13499
1 13500
0 13379
3 13329
1 13543
0 13414
0 13443
2 13447
0 13495
2 13489
2 13531
0 13588
1 13729
0 13589
0 13590
0 13591
3 13538
0 13592
2 13572
1 13759
3 13561
1 13760
2 13613
0 13676
0 13677
0 13678
0 13679
0 13680
2 13653
0 13725
0 13726
0 13727
1 13845
3 13642
2 13695
0 13770
1 13889
3 13689
0 13771
2 13735
0 13817
0 13818
2 13774
0 13873
0 13874
0 13875
3 13754
2 13813
0 13915
2 13852
1 14062
1 14063
3 13833
1 14064
0 13946
3 13834
0 13947
0 13948
0 13949
0 13950
0 13951
2 13891
0 13983
2 13929
1 14139
0 14023
2 13965
0 14059
3 13930
0 14061
1 14173
1 14174
1 14175
1 14176
2 14003
0 14091
3 13961
1 14213
0 14092
1 14214
0 14093
2 14040
3 14005
3 14006
3 14007
0 14136
1 14250
0 14137
3 14008
2 14076
0 14179
1 14294
0 14180
1 14295
3 14066
2 14112
0 14213
2 14148
0 14258
0 14259
3 14143
3 14144
3 14145
0 14260
3 14146
0 14261
1 14356
3 14147
1 14357
0 14262
3 14148
0 14263
1 14358
3 14149
2 14183
1 14406
