2 850
3 865
1 889
1 907
1 931
0 915
2 942
1 962
0 955
1 991
0 994
1 1033
0 1029
3 1066
3 1067
2 1073
3 1070
3 1071
2 1079
2 1085
1 1078
3 1079
0 1075
1 1115
0 1114
3 1167
1 1176
0 1154
1 1220
2 1199
2 1200
3 1202
0 1195
0 1240
0 1286
3 1297
2 1339
0 1333
2 1388
3 1352
2 1389
3 1353
2 1390
0 1379
1 1422
0 1429
2 1497
1 1476
3 1444
3 1445
2 1498
1 1477
3 1446
1 1478
2 1499
3 1447
3 1448
1 1479
3 1449
3 1450
2 1500
1 1481
3 1452
3 1453
3 1454
0 1480
3 1501
3 1502
3 1503
0 1530
0 1580
3 1605
2 1627
2 1628
1 1620
2 1629
3 1606
2 1630
1 1621
2 1631
3 1607
1 1622
0 1630
2 1676
0 1680
0 1730
1 1744
1 1745
3 1742
2 1774
0 1780
3 1794
3 1795
3 1796
1 1783
3 1797
0 1830
1 1839
2 1864
3 1850
1 1840
1 1841
0 1880
0 1930
2 1978
2 1979
1 1962
1 1963
3 1946
1 1964
3 1947
2 1980
2 1981
0 1980
1 2012
2 2035
0 2030
2 2096
0 2080
2 2155
3 2127
2 2156
0 2131
3 2181
3 2182
0 2181
1 2216
0 2231
3 2278
1 2262
1 2263
0 2281
3 2317
2 2341
3 2319
2 2342
1 2295
2 2343
3 2320
2 2344
1 2296
1 2297
1 2298
1 2299
2 2345
2 2347
0 2333
2 2397
2 2398
3 2368
0 2383
3 2420
1 2395
0 2433
0 2483
3 2524
3 2525
1 2477
2 2537
2 2538
0 2533
0 2583
0 2633
3 2657
2 2672
3 2658
1 2608
2 2673
2 2674
0 2684
1 2668
2 2714
0 2734
3 2759
3 2760
2 2764
1 2710
1 2711
1 2712
0 2784
2 2806
1 2756
1 2757
0 2834
3 2887
1 2826
2 2870
3 2888
2 2871
0 2884
1 2867
3 2939
3 2940
0 2934
0 2984
2 3059
1 2989
0 3034
2 3105
0 3084
3 3156
2 3154
1 3111
3 3157
0 3133
2 3195
0 3183
2 3231
0 3232
2 3293
0 3282
2 3348
1 3325
2 3349
3 3333
0 3332
3 3370
1 3368
0 3383
3 3411
0 3433
0 3483
2 3534
2 3535
0 3533
3 3538
3 3539
3 3540
0 3583
2 3613
1 3598
3 3590
2 3614
1 3599
1 3600
2 3615
1 3601
2 3616
1 3602
0 3633
3 3639
1 3641
1 3642
2 3655
2 3656
2 3657
1 3644
3 3641
3 3642
0 3684
1 3714
2 3713
2 3715
2 3717
0 3735
1 3775
2 3774
2 3775
3 3749
0 3785
0 3834
3 3847
3 3848
0 3879
0 3928
0 3979
3 4007
0 4028
0 4078
0 4128
2 4192
1 4158
3 4144
1 4159
0 4178
2 4250
1 4215
3 4198
3 4199
2 4252
0 4228
2 4306
1 4277
2 4307
3 4247
0 4277
0 4327
0 4377
3 4377
1 4423
3 4378
3 4379
0 4427
2 4483
0 4477
2 4547
2 4549
1 4542
2 4551
3 4485
1 4544
3 4487
2 4552
0 4528
2 4588
3 4529
2 4589
0 4578
3 4584
3 4585
3 4586
1 4641
2 4645
2 4646
0 4628
2 4681
0 4677
1 4741
2 4760
0 4727
1 4782
0 4776
3 4805
3 4806
1 4835
0 4826
3 4842
2 4936
2 4937
2 4938
3 4843
1 4887
3 4844
3 4845
2 4939
2 4940
1 4888
3 4846
1 4890
2 4944
0 4876
1 4922
3 4890
3 4891
1 4923
1 4924
2 4987
2 4988
0 4926
1 4986
1 4987
1 4988
2 5040
2 5041
3 4960
3 4961
2 5042
3 4962
1 4989
3 4963
1 4990
0 4978
0 5027
0 5077
2 5184
0 5127
2 5243
2 5244
3 5142
1 5176
3 5143
3 5144
2 5245
1 5177
0 5177
0 5227
1 5306
3 5253
3 5254
2 5356
3 5255
1 5307
2 5357
2 5358
0 5277
1 5358
3 5301
1 5359
3 5302
2 5403
1 5360
2 5404
2 5405
3 5303
3 5304
2 5406
3 5305
3 5306
1 5361
1 5362
2 5407
1 5363
3 5307
2 5408
3 5308
0 5327
1 5409
1 5410
2 5465
0 5377
0 5427
3 5444
2 5563
3 5445
1 5518
0 5476
0 5526
3 5533
0 5576
0 5625
1 5723
1 5724
1 5726
2 5726
3 5617
2 5728
2 5730
1 5729
1 5730
3 5620
0 5676
2 5777
1 5779
2 5778
1 5780
1 5781
3 5664
1 5782
3 5665
2 5779
0 5726
3 5711
0 5775
3 5743
0 5825
1 5900
1 5901
2 5901
2 5902
0 5875
1 5949
3 5854
3 5855
0 5925
3 5897
0 5975
3 5946
3 5947
3 5948
3 5949
0 6025
0 6075
3 6052
2 6162
3 6053
2 6163
1 6162
3 6054
1 6163
0 6125
2 6200
2 6201
3 6095
2 6202
3 6096
3 6097
2 6203
3 6098
3 6099
0 6174
2 6246
2 6247
1 6249
0 6225
2 6298
0 6275
3 6255
0 6325
2 6388
0 6375
1 6432
3 6347
1 6433
3 6348
1 6434
1 6435
2 6418
3 6349
0 6426
0 6475
1 6539
2 6539
1 6540
2 6541
2 6543
3 6435
1 6544
3 6436
3 6437
0 6526
3 6490
0 6576
0 6626
3 6586
2 6670
2 6673
1 6700
0 6679
2 6723
1 6751
3 6643
2 6724
0 6729
0 6778
3 6737
2 6820
3 6738
2 6822
0 6829
1 6903
0 6879
3 6836
0 6928
1 7009
1 7010
1 7011
3 6888
2 6974
2 6982
3 6897
0 6976
3 6962
0 7026
3 7009
0 7076
1 7181
0 7125
1 7223
0 7173
1 7272
0 7220
3 7176
3 7177
1 7318
1 7319
0 7270
3 7216
3 7217
1 7368
1 7369
2 7314
2 7316
3 7222
2 7319
1 7372
3 7227
2 7324
0 7326
0 7375
1 7462
2 7408
3 7318
3 7319
3 7320
3 7321
3 7322
2 7409
1 7467
1 7468
1 7469
0 7426
2 7479
1 7531
3 7376
3 7377
0 7476
2 7528
2 7529
0 7526
2 7567
2 7568
3 7459
1 7611
0 7576
0 7626
0 7676
1 7773
0 7726
3 7658
2 7779
2 7780
2 7781
2 7782
0 7776
3 7735
1 7885
0 7826
0 7876
1 8030
2 7976
2 7977
1 8031
1 8032
2 7978
0 7926
1 8083
1 8084
0 7976
1 8136
1 8137
2 8081
1 8138
3 7941
0 8026
3 7989
0 8077
3 8042
1 8240
3 8043
2 8187
1 8241
0 8127
1 8300
3 8108
1 8301
0 8177
1 8347
3 8157
2 8286
2 8287
3 8158
3 8159
0 8227
3 8208
1 8400
0 8277
1 8439
0 8327
2 8424
1 8487
1 8488
3 8292
2 8425
2 8426
0 8377
3 8338
1 8531
2 8478
0 8427
1 8586
3 8386
3 8391
0 8478
1 8661
2 8606
2 8607
3 8444
0 8528
0 8578
0 8628
2 8787
3 8622
2 8788
3 8623
2 8789
2 8790
2 8791
1 8827
2 8792
0 8678
2 8835
3 8663
1 8875
3 8664
0 8728
1 8943
0 8778
0 8828
2 8990
2 8991
0 8878
0 8928
2 9080
2 9081
3 8904
2 9082
3 8905
3 8908
0 8978
1 9165
1 9166
0 9028
0 9078
2 9244
0 9128
3 9115
0 9178
2 9348
0 9226
3 9226
1 9423
2 9399
1 9424
2 9400
0 9276
1 9473
2 9438
0 9325
0 9374
0 9423
0 9472
3 9446
1 9673
2 9618
3 9447
0 9521
3 9502
2 9671
0 9569
0 9618
0 9667
1 9862
2 9815
0 9717
3 9684
1 9916
3 9685
3 9686
2 9874
3 9687
2 9875
1 9917
3 9688
2 9876
3 9689
1 9918
3 9690
1 9919
2 9878
1 9920
3 9691
3 9692
2 9879
2 9880
1 9921
3 9693
3 9694
0 9768
3 9743
2 9945
3 9744
3 9745
3 9746
1 9973
2 9946
3 9747
0 9817
0 9866
0 9915
2 10095
0 9964
1 10154
0 10013
0 10062
3 10018
3 10019
0 10111
2 10244
3 10057
3 10058
0 10160
3 10112
3 10113
0 10209
0 10258
3 10193
3 10194
3 10195
1 10408
2 10382
1 10409
2 10383
3 10196
1 10410
2 10384
2 10385
2 10386
1 10411
2 10387
0 10308
3 10235
2 10413
2 10414
0 10357
3 10276
2 10465
2 10466
2 10467
3 10277
3 10278
1 10486
3 10279
3 10280
2 10468
1 10487
0 10407
1 10542
2 10511
2 10512
2 10513
1 10543
2 10514
3 10332
1 10544
0 10456
2 10551
3 10363
2 10552
1 10588
3 10364
3 10365
1 10589
0 10505
1 10638
1 10639
1 10640
2 10599
1 10641
0 10554
2 10656
2 10657
0 10603
0 10652
1 10798
3 10546
3 10547
0 10700
2 10838
2 10839
3 10596
1 10861
0 10748
0 10796
0 10845
1 10995
3 10743
1 10996
2 10962
0 10893
3 10800
0 10941
0 10989
0 11037
2 11162
3 10949
0 11085
0 11132
2 11242
1 11282
0 11180
0 11228
0 11275
3 11189
3 11190
3 11191
1 11441
1 11442
1 11443
2 11388
3 11192
0 11322
1 11494
1 11495
1 11496
1 11497
1 11498
0 11369
1 11549
3 11282
0 11416
0 11463
3 11380
2 11582
0 11510
0 11557
3 11474
0 11604
3 11522
3 11523
0 11651
1 11812
0 11698
0 11744
0 11791
0 11838
2 11946
0 11884
3 11784
0 11930
0 11976
0 12022
3 11926
1 12141
1 12142
3 11927
2 12108
1 12143
0 12068
0 12113
3 12018
3 12019
1 12213
3 12020
0 12158
3 12067
3 12068
1 12255
1 12256
2 12213
1 12257
2 12214
3 12069
2 12215
0 12204
1 12302
0 12250
3 12174
2 12300
3 12176
3 12177
1 12351
1 12352
2 12301
0 12297
2 12344
3 12225
0 12343
1 12448
3 12277
2 12398
1 12449
0 12389
3 12320
1 12504
1 12505
0 12434
0 12480
1 12616
0 12526
0 12572
3 12510
0 12618
1 12781
3 12572
2 12676
0 12664
2 12721
3 12618
1 12828
3 12619
2 12722
1 12829
3 12620
2 12724
3 12623
1 12835
3 12624
3 12625
3 12626
3 12627
3 12628
2 12725
2 12726
1 12836
0 12710
0 12756
3 12716
1 12922
0 12801
3 12770
0 12846
3 12804
1 13017
2 12885
0 12891
1 13060
3 12846
0 12937
1 13114
3 12881
2 12970
1 13115
3 12882
1 13116
2 12971
1 13117
0 12981
0 13025
0 13069
0 13111
0 13147
0 13189
2 13188
3 13142
0 13232
1 13375
2 13220
2 13221
3 13179
2 13222
0 13275
1 13424
3 13238
3 13239
2 13279
3 13240
0 13318
3 13269
1 13463
1 13464
2 13312
0 13358
2 13362
3 13308
0 13400
3 13353
3 13354
2 13408
0 13441
1 13593
1 13594
0 13462
3 13414
1 13612
3 13415
0 13474
2 13468
1 13656
1 13657
2 13510
3 13508
2 13552
2 13594
1 13788
2 13634
3 13616
0 13706
1 13828
3 13617
2 13677
3 13666
1 13877
3 13667
3 13668
1 13878
2 13717
3 13702
0 13794
1 13904
3 13705
0 13796
1 13910
2 13759
1 13960
0 13852
0 13853
3 13747
2 13798
2 13836
0 13936
1 14042
1 14044
2 13876
3 13856
1 14089
1 14090
0 13969
0 13970
0 13971
3 13857
3 13858
3 13859
1 14091
3 13860
2 13915
0 14002
3 13898
2 13952
3 13923
2 13988
1 14201
2 14025
0 14114
0 14115
2 14062
3 14040
3 14041
2 14098
1 14319
3 14098
1 14320
3 14099
2 14133
3 14126
0 14228
0 14229
3 14127
0 14230
3 14128
1 14340
3 14129
0 14231
3 14130
0 14232
0 14233
0 14234
3 14131
2 14169
0 14287
3 14182
0 14288
2 14204
2 14237
2 14268
3 14289
1 14490
3 14290
0 14421
1 14491
0 14422
1 14492
2 14299
2 14330
1 14543
0 14471
0 14472
1 14544
1 14545
0 14473
2 14360
0 14505
3 14377
3 14378
1 14568
3 14379
2 14391
3 14412
2 14421
0 14554
1 14619
3 14436
1 14620
2 14449
0 14570
0 14571
0 14572
2 14479
0 14601
0 14602
2 14507
1 14680
0 14633
0 14634
0 14635
3 14491
3 14492
2 14533
3 14514
2 14558
2 14582
0 14718
0 14719
2 14606
1 14762
0 14739
2 14629
0 14760
2 14651
3 14620
0 14790
3 14621
2 14672
2 14691
3 14668
2 14710
1 14872
0 14855
2 14728
1 14877
3 14694
