0 899
3 933
0 912
0 929
3 968
2 968
2 969
3 969
2 970
1 972
2 977
2 978
3 979
1 983
0 989
3 1026
2 1021
0 1019
3 1056
2 1062
2 1067
0 1060
3 1107
1 1103
1 1104
2 1115
0 1099
2 1150
2 1151
1 1147
1 1148
2 1152
2 1153
1 1149
1 1150
3 1145
3 1146
3 1147
1 1151
0 1139
2 1187
1 1199
3 1190
1 1200
3 1191
0 1180
3 1233
2 1242
3 1234
2 1243
0 1225
1 1277
2 1286
3 1256
2 1287
0 1271
3 1288
3 1289
0 1317
1 1355
1 1356
1 1357
2 1365
0 1363
0 1411
0 1461
0 1511
3 1530
1 1554
3 1531
1 1555
1 1556
2 1556
0 1561
3 1583
2 1606
2 1607
2 1608
3 1584
0 1611
1 1654
3 1635
3 1636
3 1637
1 1655
1 1656
1 1657
2 1653
2 1654
1 1658
2 1655
0 1661
0 1711
2 1751
3 1726
2 1752
3 1727
0 1761
3 1776
0 1811
3 1832
1 1816
3 1833
1 1817
2 1846
2 1847
3 1834
1 1818
3 1835
3 1836
3 1838
0 1862
0 1911
0 1961
2 2013
3 1982
0 2010
3 2041
3 2042
3 2043
3 2044
3 2045
1 2056
3 2046
0 2060
0 2110
1 2150
1 2151
2 2167
2 2168
0 2160
2 2234
2 2235
0 2210
2 2282
1 2243
1 2244
2 2283
3 2258
1 2245
2 2284
2 2285
0 2260
2 2316
3 2299
0 2311
3 2343
3 2344
1 2325
1 2326
0 2359
3 2395
2 2426
2 2427
3 2396
2 2428
3 2397
3 2399
3 2400
0 2409
3 2440
2 2468
0 2459
0 2509
3 2552
2 2562
2 2563
3 2553
0 2558
0 2609
3 2623
3 2624
3 2625
1 2581
0 2659
3 2687
3 2688
0 2708
0 2758
1 2738
2 2782
0 2808
1 2788
3 2836
2 2837
1 2789
3 2837
1 2790
3 2838
3 2839
2 2838
3 2840
3 2841
3 2842
3 2843
3 2844
1 2791
2 2839
0 2858
2 2903
3 2913
1 2843
3 2914
3 2915
2 2904
3 2918
3 2919
2 2905
0 2909
3 2972
2 2951
2 2952
2 2953
2 2954
1 2884
2 2955
0 2959
1 2955
0 3009
3 3075
2 3081
0 3059
1 3055
3 3124
1 3056
1 3057
1 3058
3 3125
0 3109
0 3159
0 3209
2 3258
1 3232
1 3233
3 3266
1 3234
3 3267
0 3259
3 3309
3 3310
1 3296
2 3322
1 3298
2 3323
1 3299
0 3309
0 3359
1 3402
0 3409
1 3442
3 3426
1 3443
2 3449
2 3450
0 3460
3 3479
2 3493
1 3496
2 3494
3 3480
0 3510
0 3560
0 3609
3 3610
3 3611
3 3613
3 3614
0 3659
3 3672
0 3709
3 3728
2 3746
3 3733
0 3759
1 3793
0 3809
3 3819
3 3822
3 3826
2 3857
1 3850
2 3858
1 3851
3 3829
3 3830
1 3852
0 3864
3 3881
2 3924
3 3885
2 3935
1 3905
1 3906
2 3944
3 3896
2 3949
0 3927
0 3977
3 4006
1 4006
0 4027
3 4046
0 4077
0 4127
2 4189
2 4190
2 4191
1 4157
0 4177
1 4213
1 4214
3 4197
0 4227
0 4278
0 4328
0 4378
3 4380
1 4424
1 4425
3 4381
1 4426
2 4423
1 4427
3 4382
3 4383
2 4424
2 4425
2 4426
2 4427
3 4384
2 4428
0 4428
0 4478
1 4541
0 4526
0 4576
1 4638
0 4626
3 4615
2 4679
1 4670
3 4616
3 4617
3 4618
0 4676
2 4757
1 4739
2 4758
3 4690
2 4759
1 4740
0 4726
2 4806
3 4737
3 4738
2 4807
3 4739
3 4740
3 4741
3 4742
2 4808
1 4780
2 4809
1 4781
2 4810
2 4811
3 4743
2 4812
1 4783
1 4784
2 4813
0 4777
0 4827
2 4945
0 4877
3 4892
2 4989
0 4927
0 4976
3 5009
0 5026
0 5076
2 5181
1 5112
2 5182
1 5113
3 5082
2 5183
0 5126
3 5140
1 5173
2 5242
3 5141
1 5174
1 5175
0 5176
2 5299
3 5192
3 5193
3 5194
2 5300
1 5240
1 5241
2 5301
3 5195
0 5226
1 5304
2 5354
2 5355
3 5252
1 5305
0 5276
0 5326
3 5344
0 5376
2 5510
0 5426
1 5517
3 5443
2 5561
2 5562
1 5519
1 5520
2 5564
3 5446
0 5477
1 5592
0 5527
1 5626
2 5656
3 5534
2 5657
3 5535
1 5627
2 5658
2 5659
1 5628
3 5536
1 5629
0 5577
0 5627
3 5618
3 5619
1 5727
1 5728
3 5621
2 5732
3 5622
1 5731
2 5733
1 5732
3 5623
1 5733
2 5734
2 5735
3 5624
3 5625
1 5736
0 5678
2 5780
1 5783
0 5728
0 5778
3 5747
1 5859
1 5860
3 5748
2 5865
2 5866
2 5867
0 5828
1 5902
3 5793
3 5794
0 5878
1 5952
2 5965
0 5928
0 5978
1 6077
1 6078
1 6079
2 6072
2 6073
1 6080
0 6028
1 6126
2 6115
2 6116
1 6127
3 6002
2 6117
0 6078
1 6164
0 6128
2 6206
3 6101
0 6178
1 6251
0 6228
3 6196
0 6278
3 6257
2 6356
0 6328
0 6378
3 6350
1 6436
0 6427
3 6391
3 6392
3 6393
3 6394
2 6488
3 6395
0 6477
2 6544
0 6527
1 6589
1 6590
2 6582
3 6491
2 6583
0 6577
0 6627
1 6698
3 6587
0 6674
2 6720
3 6639
0 6724
0 6773
2 6812
3 6732
1 6850
1 6851
2 6813
1 6852
3 6733
1 6853
1 6854
2 6814
2 6815
2 6816
0 6826
0 6874
2 6916
0 6923
1 7001
2 6968
2 6975
2 6983
0 6977
0 7027
1 7118
3 7010
3 7011
1 7119
0 7077
0 7127
2 7163
1 7227
1 7228
0 7177
1 7278
1 7281
3 7139
1 7282
2 7217
2 7218
2 7219
1 7283
2 7220
2 7221
2 7222
0 7227
0 7276
3 7223
0 7324
0 7374
0 7424
2 7478
1 7529
1 7530
3 7374
0 7474
0 7524
0 7574
0 7624
3 7560
3 7561
2 7674
3 7562
3 7563
2 7675
2 7676
2 7677
0 7675
0 7725
3 7657
0 7775
1 7882
2 7844
1 7883
0 7824
3 7803
2 7908
3 7804
2 7909
0 7874
1 8025
2 7970
1 8026
0 7924
1 8082
0 7974
1 8135
2 8074
3 7936
3 7937
0 8023
0 8073
0 8123
3 8103
0 8173
0 8224
3 8203
3 8204
3 8205
3 8206
0 8274
1 8427
0 8324
3 8291
0 8374
0 8424
2 8535
2 8536
2 8537
2 8538
3 8383
3 8384
0 8474
0 8523
3 8495
1 8707
3 8496
1 8708
3 8497
2 8666
1 8709
0 8573
1 8760
1 8761
0 8623
2 8781
2 8782
1 8825
2 8783
3 8619
3 8620
2 8784
0 8674
2 8833
1 8871
3 8660
0 8723
0 8773
0 8823
1 9037
3 8814
2 8984
3 8815
3 8817
3 8818
2 8986
2 8987
3 8819
2 8988
3 8820
0 8875
1 9086
0 8925
3 8901
1 9127
0 8975
3 8949
3 8950
0 9025
1 9214
2 9192
2 9193
3 8998
0 9075
3 9059
2 9237
0 9125
3 9113
2 9298
3 9114
2 9299
2 9300
0 9176
1 9379
1 9380
0 9225
1 9421
2 9393
3 9220
3 9221
2 9394
3 9222
1 9422
3 9223
2 9395
3 9224
2 9396
2 9397
0 9274
2 9434
3 9267
1 9471
2 9435
3 9270
1 9472
3 9271
2 9436
2 9437
0 9324
3 9327
2 9496
1 9542
0 9372
3 9372
1 9586
1 9587
2 9532
3 9373
1 9588
2 9533
0 9422
1 9628
0 9471
0 9520
2 9670
3 9503
1 9722
1 9723
2 9672
0 9570
3 9549
0 9619
3 9580
0 9668
0 9716
0 9765
2 9943
2 9944
0 9814
1 10021
2 10002
0 9863
0 9912
0 9961
3 9941
2 10132
3 9942
2 10133
2 10134
0 10010
1 10183
0 10059
3 10012
2 10204
3 10013
2 10205
2 10206
2 10207
3 10014
1 10226
0 10108
0 10158
1 10318
0 10207
0 10256
3 10189
2 10378
3 10190
3 10191
1 10405
1 10406
3 10192
2 10379
1 10407
0 10305
2 10410
1 10443
1 10444
2 10411
2 10412
0 10354
2 10463
3 10275
1 10483
2 10464
0 10403
0 10452
1 10585
3 10357
3 10358
1 10586
3 10359
0 10501
0 10550
1 10707
2 10652
1 10708
2 10653
2 10654
0 10599
3 10504
0 10648
2 10763
0 10696
3 10586
3 10587
2 10827
0 10744
0 10792
2 10907
1 10933
3 10687
1 10934
2 10908
0 10840
0 10888
3 10786
1 11048
2 11013
1 11049
2 11014
3 10790
3 10791
3 10792
3 10793
3 10794
3 10795
3 10796
2 11017
0 10937
2 11072
1 11085
2 11073
3 10850
2 11074
1 11086
2 11075
2 11076
1 11087
2 11077
3 10851
3 10852
0 10985
0 11033
0 11081
3 10995
0 11129
0 11177
1 11329
3 11082
1 11330
3 11083
2 11293
1 11331
1 11332
0 11225
3 11135
0 11273
0 11320
1 11491
1 11492
1 11493
3 11241
0 11367
0 11414
2 11519
2 11520
1 11588
3 11329
1 11589
3 11331
0 11461
2 11578
2 11579
3 11378
2 11580
3 11379
2 11581
0 11508
0 11555
1 11733
0 11602
2 11719
2 11720
1 11770
2 11721
3 11519
3 11520
2 11722
1 11771
0 11649
2 11775
0 11696
2 11811
1 11849
2 11812
1 11850
1 11851
1 11852
0 11743
1 11881
0 11790
2 11899
1 11919
1 11920
1 11921
3 11690
0 11837
3 11737
2 11943
2 11944
1 11958
1 11959
2 11945
0 11883
3 11782
3 11783
1 12001
1 12002
0 11929
3 11840
0 11975
1 12089
2 12074
0 12021
3 11925
0 12067
3 11982
2 12150
0 12114
3 12024
3 12025
1 12216
0 12160
3 12071
3 12072
1 12258
2 12216
0 12206
2 12267
3 12126
0 12252
2 12302
3 12178
3 12179
3 12180
0 12298
0 12344
2 12395
3 12278
3 12279
2 12396
2 12397
3 12280
1 12450
3 12281
0 12390
3 12321
0 12435
3 12365
1 12554
3 12366
1 12555
0 12481
3 12416
1 12618
2 12540
0 12527
0 12573
0 12619
1 12782
0 12665
1 12830
3 12621
2 12723
1 12831
1 12832
1 12837
1 12838
3 12629
0 12711
3 12666
0 12755
3 12713
3 12714
1 12921
0 12799
3 12767
1 12964
2 12851
0 12845
2 12884
0 12890
2 12932
2 12933
2 12934
2 12935
2 12936
3 12845
0 12935
0 12979
3 12929
2 13023
2 13024
2 13025
0 13024
1 13193
1 13194
1 13195
2 13050
3 12980
0 13068
1 13229
2 13083
2 13084
1 13230
2 13085
2 13086
1 13231
1 13232
3 13038
2 13087
2 13089
3 13040
2 13093
1 13239
3 13047
2 13098
3 13050
0 13124
2 13141
1 13288
0 13167
2 13167
0 13210
1 13356
2 13202
3 13163
2 13204
1 13358
2 13206
0 13257
3 13211
1 13410
3 13212
3 13213
3 13214
1 13411
3 13215
1 13412
0 13300
2 13300
1 13449
0 13343
1 13507
3 13294
3 13295
0 13384
3 13343
2 13393
2 13397
2 13401
3 13352
1 13565
0 13435
3 13387
2 13440
0 13483
0 13484
3 13431
3 13432
2 13482
0 13532
1 13682
1 13683
0 13534
0 13535
3 13487
1 13684
3 13488
3 13489
0 13536
2 13524
1 13722
0 13577
2 13567
0 13620
2 13608
3 13595
0 13674
2 13649
1 13841
2 13690
1 13883
2 13730
2 13770
0 13866
1 13968
0 13867
0 13868
1 13969
0 13869
2 13809
3 13783
0 13903
0 13904
3 13784
0 13905
0 13906
2 13848
2 13886
2 13924
1 14134
2 13961
2 13998
2 14035
0 14122
0 14123
0 14124
3 13995
3 13996
3 13997
1 14244
3 13998
0 14125
0 14126
3 13999
1 14245
0 14127
0 14128
3 14000
3 14001
0 14129
3 14002
1 14246
2 14073
0 14175
1 14289
3 14062
1 14290
0 14176
3 14063
3 14064
0 14177
1 14291
3 14065
1 14292
1 14293
0 14178
2 14109
2 14145
0 14254
1 14355
2 14180
0 14307
0 14308
0 14309
0 14310
2 14215
1 14443
1 14444
0 14349
2 14245
3 14271
2 14276
0 14436
2 14307
1 14523
2 14337
3 14360
1 14548
0 14482
0 14483
2 14368
0 14509
3 14385
3 14386
3 14387
2 14398
3 14419
