2 888
2 891
1 920
1 946
0 932
1 973
1 981
3 992
2 988
2 989
3 993
2 990
2 991
3 994
2 992
3 996
3 997
3 998
0 986
1 1027
0 1025
1 1063
3 1064
0 1061
0 1100
1 1152
0 1140
1 1201
0 1182
1 1250
3 1235
0 1227
2 1288
0 1273
0 1319
3 1330
3 1331
1 1358
2 1367
0 1365
3 1390
3 1391
3 1392
3 1393
0 1414
2 1476
0 1464
2 1519
1 1512
2 1520
3 1493
0 1514
2 1557
3 1535
3 1536
1 1560
2 1558
0 1564
3 1585
3 1586
0 1614
2 1658
0 1665
0 1714
0 1764
1 1771
0 1814
0 1864
1 1879
3 1879
0 1914
2 1964
0 1964
1 1994
2 2015
0 2014
0 2064
3 2101
0 2114
3 2141
3 2142
3 2143
2 2175
1 2156
2 2177
1 2157
2 2178
1 2158
1 2159
3 2144
3 2145
1 2160
0 2164
3 2215
3 2216
3 2217
3 2218
0 2214
3 2259
2 2287
0 2264
2 2322
1 2282
1 2283
2 2323
1 2284
0 2314
2 2382
0 2364
1 2377
1 2378
1 2379
1 2380
3 2406
1 2381
0 2415
0 2465
2 2517
0 2515
3 2557
1 2508
1 2509
0 2565
1 2549
3 2585
1 2550
2 2602
1 2551
0 2614
3 2636
3 2637
3 2638
2 2650
2 2651
3 2639
3 2640
0 2664
3 2691
1 2656
1 2657
2 2702
2 2703
3 2692
0 2714
2 2741
2 2742
0 2764
0 2813
1 2794
2 2841
3 2848
3 2849
1 2795
3 2850
2 2842
3 2851
1 2796
2 2843
1 2797
2 2844
2 2845
2 2846
1 2798
0 2863
1 2850
3 2922
2 2910
2 2911
0 2913
2 2957
1 2888
0 2963
2 3033
1 2960
3 3039
0 3012
3 3078
3 3079
3 3080
3 3081
3 3082
1 3005
1 3006
1 3007
2 3085
0 3063
1 3069
1 3070
2 3127
3 3131
3 3132
3 3133
2 3128
2 3136
2 3137
1 3078
1 3079
1 3080
1 3081
1 3082
3 3134
3 3135
0 3114
1 3147
2 3179
2 3180
0 3164
2 3215
3 3229
3 3230
1 3185
3 3231
0 3214
3 3271
2 3261
2 3262
0 3263
1 3300
1 3301
1 3302
3 3313
1 3303
0 3314
3 3354
0 3364
2 3419
0 3414
2 3451
0 3463
0 3513
0 3563
0 3613
0 3663
1 3688
2 3687
2 3688
3 3677
1 3689
2 3689
1 3690
0 3713
1 3751
0 3761
1 3795
3 3770
0 3811
1 3843
1 3844
2 3853
2 3854
2 3855
0 3860
2 3915
2 3922
1 3893
2 3929
0 3913
3 3944
0 3963
2 4039
3 3998
0 4013
0 4063
0 4113
0 4163
1 4195
2 4236
0 4213
2 4290
2 4291
2 4292
1 4254
0 4263
2 4333
2 4334
1 4305
0 4313
0 4363
2 4405
2 4406
1 4403
2 4407
3 4357
2 4408
1 4404
0 4412
1 4470
0 4461
1 4518
1 4524
2 4529
2 4533
3 4482
1 4531
0 4514
0 4564
3 4571
2 4634
2 4636
3 4573
2 4637
1 4627
0 4615
3 4604
3 4605
1 4660
1 4661
3 4606
3 4607
0 4664
2 4733
2 4734
1 4720
1 4723
2 4737
3 4674
3 4675
1 4724
0 4714
2 4787
0 4764
3 4799
2 4865
2 4866
2 4867
0 4815
0 4864
0 4913
0 4963
1 5029
1 5030
2 5080
2 5081
2 5082
2 5083
2 5084
2 5085
3 4995
3 4996
2 5087
0 5014
2 5138
1 5073
0 5064
1 5100
0 5114
1 5166
2 5234
0 5164
3 5170
3 5171
3 5172
0 5214
1 5287
0 5264
2 5397
2 5398
3 5295
1 5353
1 5354
0 5313
1 5400
2 5450
3 5333
0 5363
1 5448
2 5496
2 5497
1 5449
3 5384
1 5450
3 5385
0 5413
3 5439
1 5506
0 5463
2 5602
3 5489
1 5579
0 5513
0 5563
0 5612
2 5713
3 5601
3 5602
1 5712
3 5603
1 5713
2 5714
3 5604
3 5605
1 5714
3 5606
3 5607
2 5715
0 5663
0 5713
2 5816
0 5763
0 5813
0 5862
2 5942
0 5912
2 6000
1 5991
3 5892
0 5962
2 6052
3 5929
1 6051
3 5930
1 6052
3 5931
2 6053
0 6012
3 5987
2 6097
0 6062
1 6153
1 6154
3 6045
0 6113
0 6163
2 6234
0 6213
2 6277
1 6289
2 6278
0 6263
1 6342
3 6245
2 6341
2 6342
3 6246
2 6344
3 6247
1 6345
2 6345
2 6346
3 6248
1 6346
3 6249
1 6347
1 6348
1 6349
0 6315
1 6383
2 6384
0 6365
0 6415
0 6464
0 6514
3 6475
2 6572
2 6573
0 6564
0 6614
3 6569
3 6570
0 6663
1 6735
2 6712
3 6629
2 6713
0 6713
3 6687
0 6763
1 6837
3 6724
1 6838
1 6839
2 6802
0 6813
0 6853
0 6903
0 6952
3 6924
1 7035
1 7036
0 6997
3 6979
1 7088
2 7056
3 6980
3 6981
2 7058
1 7091
1 7092
3 6982
2 7059
0 7051
0 7100
0 7150
1 7255
1 7256
0 7201
1 7299
2 7239
1 7300
1 7301
3 7158
2 7240
0 7250
3 7209
0 7299
1 7398
0 7350
1 7443
0 7400
3 7351
1 7496
2 7432
0 7448
2 7502
1 7552
1 7553
0 7498
2 7552
0 7548
3 7490
0 7598
2 7639
0 7648
0 7698
0 7748
3 7690
0 7798
2 7873
2 7874
3 7760
3 7761
3 7762
1 7916
2 7875
0 7848
3 7822
0 7898
1 8052
1 8053
1 8054
0 7948
1 8107
1 8108
2 8051
2 8052
0 7998
2 8112
0 8048
1 8208
3 8009
3 8010
2 8155
0 8098
3 8073
3 8074
1 8268
1 8269
2 8220
1 8270
2 8221
3 8075
2 8222
1 8271
3 8076
2 8223
2 8224
3 8077
0 8149
1 8321
1 8322
2 8262
0 8199
3 8174
2 8303
3 8175
2 8304
2 8305
2 8306
1 8372
2 8307
2 8308
2 8309
3 8176
0 8250
3 8219
2 8354
1 8411
3 8220
3 8221
3 8222
3 8223
3 8224
3 8225
0 8300
2 8403
1 8460
0 8350
0 8400
1 8558
1 8559
2 8511
0 8450
1 8617
2 8569
1 8618
0 8500
2 8639
2 8640
0 8550
1 8738
2 8694
0 8600
3 8600
1 8797
3 8601
3 8602
0 8650
3 8641
2 8815
1 8855
2 8816
2 8817
2 8818
2 8819
3 8642
1 8856
0 8701
0 8751
1 8974
2 8921
1 8975
3 8754
0 8800
3 8797
1 9024
2 8970
2 8971
2 8972
3 8798
0 8850
0 8900
1 9104
1 9105
2 9051
0 8950
2 9099
0 9000
2 9154
0 9050
1 9245
1 9246
1 9247
3 9036
0 9101
3 9083
1 9301
3 9084
0 9151
1 9351
1 9352
0 9201
2 9370
3 9196
0 9250
3 9244
1 9442
1 9443
1 9444
3 9245
0 9299
0 9348
2 9515
1 9572
0 9398
2 9557
3 9387
2 9558
3 9388
1 9608
1 9609
3 9389
0 9447
0 9496
1 9704
0 9545
3 9530
1 9752
3 9531
3 9532
2 9691
3 9533
0 9594
1 9789
1 9790
0 9643
3 9599
2 9781
3 9604
3 9605
3 9606
2 9784
2 9785
1 9836
3 9607
3 9608
1 9837
1 9838
1 9839
3 9609
2 9787
2 9788
1 9840
0 9693
2 9852
1 9900
2 9853
3 9664
0 9742
1 9940
1 9941
2 9904
2 9905
0 9791
1 9997
0 9839
0 9888
3 9874
0 9937
3 9924
1 10140
1 10141
0 9986
1 10170
0 10035
0 10084
0 10133
0 10182
2 10303
2 10304
2 10305
1 10336
1 10337
0 10231
0 10280
0 10329
0 10378
1 10510
3 10299
3 10300
0 10427
2 10527
0 10476
0 10525
1 10662
1 10663
3 10432
1 10664
2 10620
0 10574
3 10486
3 10487
2 10678
0 10622
0 10670
3 10566
2 10788
0 10718
3 10608
2 10850
3 10609
0 10767
3 10656
3 10657
2 10890
2 10891
1 10905
3 10658
1 10906
0 10815
2 10929
0 10863
1 11022
0 10911
1 11067
3 10815
2 11037
2 11038
0 10959
1 11120
2 11099
0 11007
1 11158
1 11159
2 11133
0 11055
2 11178
0 11103
0 11151
2 11262
2 11263
2 11264
1 11303
1 11304
3 11053
1 11305
3 11054
1 11306
1 11307
0 11199
2 11308
2 11309
1 11350
2 11310
1 11351
0 11246
3 11159
1 11418
2 11359
3 11161
2 11360
2 11361
2 11362
3 11162
1 11419
3 11163
2 11363
1 11420
3 11164
1 11421
2 11364
0 11294
1 11466
3 11214
0 11341
3 11260
0 11388
3 11303
2 11493
0 11435
2 11551
0 11482
2 11600
3 11407
1 11665
2 11601
2 11602
1 11666
3 11408
2 11603
0 11529
0 11575
2 11690
2 11691
0 11622
3 11535
3 11536
2 11736
2 11737
3 11537
3 11538
0 11669
0 11716
2 11824
2 11825
2 11826
3 11627
3 11628
0 11763
2 11866
2 11867
3 11655
3 11656
2 11868
2 11869
3 11657
2 11870
2 11871
2 11872
0 11810
3 11708
0 11857
1 11985
0 11903
3 11806
0 11949
2 12049
2 12050
0 11995
1 12120
1 12121
2 12085
2 12086
3 11902
2 12087
3 11903
3 11904
3 11905
2 12088
1 12122
0 12041
0 12087
2 12161
3 12000
0 12133
0 12179
1 12271
2 12231
3 12088
0 12225
0 12271
0 12317
1 12410
1 12411
0 12364
1 12475
3 12298
0 12410
3 12342
0 12456
3 12389
1 12577
3 12390
2 12515
3 12391
1 12578
0 12503
3 12429
3 12430
1 12644
3 12431
2 12564
0 12549
3 12482
0 12595
3 12532
2 12653
3 12533
1 12751
0 12641
2 12696
3 12596
3 12597
2 12697
1 12810
1 12811
2 12698
2 12699
0 12687
2 12744
3 12645
0 12732
0 12777
2 12821
1 12933
2 12822
3 12734
1 12934
2 12823
3 12735
2 12824
1 12935
3 12736
0 12823
3 12781
2 12868
3 12782
0 12867
3 12824
2 12907
2 12908
0 12912
1 13087
3 12866
1 13088
0 12957
1 13133
2 12989
3 12905
2 12990
3 12906
3 12907
1 13134
2 12991
0 13001
3 12956
3 12957
0 13045
2 13062
2 13063
0 13088
2 13105
1 13248
3 13060
0 13130
3 13092
3 13093
1 13293
3 13095
1 13294
2 13150
3 13096
1 13295
0 13175
1 13331
0 13218
0 13260
1 13413
3 13220
2 13256
2 13261
2 13264
0 13305
1 13452
3 13262
3 13263
1 13453
1 13454
0 13348
2 13348
0 13387
1 13556
2 13395
0 13428
3 13373
2 13432
2 13463
1 13652
2 13505
0 13557
3 13505
3 13506
0 13558
3 13507
2 13548
2 13590
2 13631
2 13672
2 13711
2 13751
2 13790
1 13986
3 13766
3 13767
2 13829
2 13867
0 13964
2 13905
2 13943
0 14036
1 14151
2 13980
1 14194
3 13946
1 14195
2 14017
0 14100
3 13968
0 14101
1 14227
1 14228
3 13969
1 14229
0 14102
3 13970
1 14230
0 14103
0 14104
3 13971
2 14054
2 14091
1 14308
2 14127
1 14336
3 14119
3 14120
2 14163
1 14376
0 14275
0 14276
0 14277
3 14170
1 14379
2 14198
0 14324
1 14421
3 14215
3 14216
1 14422
1 14423
3 14217
3 14218
0 14325
3 14219
0 14326
3 14220
2 14232
3 14252
3 14253
0 14370
1 14464
2 14263
0 14416
2 14294
0 14450
0 14451
2 14326
3 14347
1 14539
2 14356
3 14366
0 14494
0 14495
3 14367
1 14560
3 14368
2 14386
1 14590
1 14591
0 14526
1 14592
2 14416
3 14432
2 14445
2 14474
2 14503
0 14629
1 14678
1 14679
2 14530
0 14660
3 14507
0 14661
0 14662
3 14508
0 14663
3 14509
2 14556
3 14534
3 14535
0 14689
1 14718
1 14719
2 14580
3 14560
0 14714
1 14748
1 14749
3 14561
1 14750
3 14562
0 14715
0 14716
0 14717
2 14605
0 14737
0 14738
2 14628
1 14787
0 14756
0 14757
1 14788
3 14593
1 14789
0 14758
3 14594
1 14790
3 14595
3 14596
0 14759
2 14650
3 14619
2 14671
3 14649
2 14690
3 14665
0 14832
1 14858
3 14666
0 14833
3 14667
0 14834
2 14709
0 14854
2 14726
3 14690
3 14691
3 14692
2 14742
2 14755
3 14732
0 14890
0 14891
2 14769
3 14743
2 14780
1 14935
3 14756
1 14936
0 14907
1 14937
