2 954
0 940
0 967
3 1000
0 990
1 1029
2 1032
2 1033
1 1040
0 1036
3 1072
0 1069
0 1107
0 1148
3 1198
3 1199
2 1194
0 1190
0 1235
2 1295
2 1296
2 1297
0 1281
3 1293
3 1294
2 1332
1 1327
3 1295
2 1333
3 1296
0 1328
1 1363
2 1376
2 1378
3 1343
3 1344
1 1365
2 1382
1 1372
1 1374
0 1374
1 1419
0 1424
2 1486
2 1487
1 1465
2 1488
1 1466
1 1467
1 1468
1 1469
3 1440
3 1441
3 1442
2 1489
2 1490
1 1470
1 1471
1 1472
1 1473
2 1491
0 1475
0 1525
1 1575
3 1547
1 1576
1 1577
2 1571
2 1572
0 1575
2 1622
3 1600
1 1612
0 1625
0 1675
3 1686
1 1704
1 1705
0 1725
3 1740
1 1742
0 1774
3 1789
0 1824
1 1829
0 1874
0 1924
3 1941
3 1942
2 1970
0 1974
2 2027
1 2004
3 1994
1 2005
2 2028
1 2006
2 2032
0 2024
3 2053
3 2054
1 2062
2 2079
3 2055
1 2063
2 2080
2 2081
3 2056
1 2064
3 2057
1 2065
1 2066
3 2058
3 2059
3 2060
2 2082
2 2083
0 2074
2 2152
0 2124
2 2200
2 2201
1 2175
3 2173
3 2174
2 2202
3 2175
2 2203
1 2176
0 2175
2 2248
3 2226
0 2225
3 2273
3 2274
3 2275
0 2275
2 2332
0 2325
3 2358
2 2387
0 2375
2 2445
3 2416
1 2393
2 2446
0 2425
1 2426
0 2475
1 2466
0 2525
3 2566
1 2518
3 2567
1 2519
3 2568
0 2574
2 2611
3 2594
3 2595
2 2612
0 2624
3 2648
1 2594
1 2595
3 2649
3 2650
1 2596
0 2674
0 2725
3 2750
3 2751
0 2775
0 2825
1 2816
1 2817
3 2875
3 2876
3 2877
0 2875
0 2925
1 2905
3 2987
3 2988
0 2975
0 3024
3 3089
3 3090
0 3073
3 3147
3 3148
3 3149
1 3102
0 3124
1 3163
2 3189
1 3164
0 3174
1 3194
3 3239
3 3240
1 3195
2 3224
2 3225
3 3241
3 3242
0 3224
3 3281
0 3274
0 3324
0 3374
3 3400
2 3423
1 3411
1 3412
3 3401
0 3424
1 3457
1 3458
2 3460
3 3438
0 3474
1 3514
1 3515
1 3516
2 3513
2 3514
1 3517
2 3515
0 3524
1 3543
0 3574
1 3590
0 3624
2 3642
0 3674
3 3689
0 3724
2 3761
1 3766
0 3773
0 3823
2 3867
0 3873
3 3886
1 3898
0 3911
1 3944
0 3961
3 3997
0 4011
2 4079
1 4051
3 4035
0 4061
0 4111
3 4120
2 4173
2 4174
3 4121
3 4122
1 4140
3 4123
0 4161
1 4192
1 4193
3 4180
2 4233
3 4181
0 4211
2 4289
3 4233
0 4261
3 4274
2 4329
0 4311
1 4358
0 4361
3 4354
0 4411
1 4469
0 4460
3 4473
3 4474
1 4517
2 4526
0 4508
2 4577
1 4571
2 4578
3 4511
0 4559
3 4567
0 4608
0 4658
2 4727
3 4665
1 4714
0 4708
0 4758
1 4816
3 4792
3 4793
1 4820
3 4794
2 4859
0 4808
1 4861
0 4858
0 4908
2 5022
0 4958
2 5076
3 4994
0 5008
2 5133
1 5069
2 5134
1 5070
1 5071
2 5135
0 5058
3 5068
3 5069
3 5070
1 5096
2 5165
0 5109
0 5159
2 5271
2 5272
1 5209
3 5165
1 5210
2 5273
3 5166
1 5211
0 5209
3 5239
3 5240
2 5343
3 5241
1 5285
0 5259
0 5309
1 5395
0 5359
3 5374
3 5375
3 5376
3 5377
3 5378
3 5379
3 5380
2 5494
0 5409
0 5459
3 5478
3 5479
1 5572
3 5480
3 5481
1 5574
2 5598
3 5482
2 5599
0 5509
2 5652
3 5521
1 5620
0 5559
1 5668
2 5682
2 5683
0 5609
2 5712
1 5710
0 5659
2 5758
1 5773
1 5774
0 5709
3 5702
3 5703
2 5813
3 5704
2 5814
0 5759
0 5809
3 5770
2 5889
1 5878
1 5879
1 5880
0 5859
2 5939
3 5839
1 5933
2 5940
0 5909
0 5959
2 6048
2 6049
0 6009
0 6059
1 6152
0 6109
1 6193
0 6159
3 6135
0 6210
0 6260
1 6336
2 6337
3 6237
1 6337
3 6238
1 6338
1 6339
3 6239
0 6310
2 6382
3 6284
0 6361
1 6413
1 6414
0 6411
2 6470
0 6459
3 6421
2 6529
2 6530
1 6530
2 6531
3 6422
0 6510
3 6465
3 6466
3 6467
1 6576
2 6564
2 6566
3 6470
1 6579
0 6560
1 6634
1 6635
0 6607
1 6676
0 6657
3 6623
0 6705
0 6755
1 6832
2 6798
2 6799
3 6720
0 6807
1 6883
2 6860
2 6867
0 6866
2 6906
0 6916
1 6984
1 6985
1 6986
3 6873
1 6987
1 6990
3 6876
2 6959
1 6991
1 6992
2 6960
0 6966
2 7022
1 7057
0 7014
2 7074
0 7064
0 7115
1 7206
3 7066
0 7161
3 7121
0 7211
3 7165
0 7260
1 7361
2 7308
0 7310
1 7409
0 7359
1 7451
3 7303
1 7452
3 7304
0 7407
0 7456
0 7505
3 7432
3 7433
0 7554
1 7649
1 7650
3 7495
0 7606
3 7540
2 7646
0 7656
2 7716
1 7756
2 7717
3 7589
1 7757
0 7706
3 7630
3 7631
3 7632
3 7633
1 7808
0 7757
3 7703
1 7860
3 7704
3 7705
1 7861
0 7806
1 7925
1 7926
1 7927
1 7928
1 7929
3 7774
3 7775
1 7930
1 7931
3 7776
2 7883
3 7777
3 7779
2 7884
0 7858
3 7836
1 7999
1 8000
2 7951
3 7837
0 7908
1 8066
2 8013
1 8067
3 7893
2 8015
1 8069
2 8016
0 7959
1 8120
0 8009
2 8126
2 8127
0 8059
2 8161
0 8109
3 8091
3 8092
3 8093
1 8279
2 8232
1 8280
1 8281
1 8282
1 8283
0 8159
0 8208
3 8184
1 8378
2 8312
1 8379
3 8186
3 8187
1 8380
0 8259
1 8418
3 8232
2 8359
2 8360
0 8309
0 8359
1 8520
2 8458
0 8409
2 8522
1 8570
0 8459
1 8626
0 8508
0 8558
0 8608
2 8758
2 8759
2 8760
2 8761
3 8605
0 8658
0 8708
2 8869
3 8699
2 8870
3 8700
3 8701
2 8871
0 8758
3 8761
1 8985
3 8762
1 8986
2 8932
3 8763
2 8933
3 8764
1 8987
0 8806
1 9026
1 9027
3 8803
3 8804
0 8856
1 9072
0 8906
2 9057
3 8876
3 8877
2 9058
0 8956
0 9005
0 9055
0 9105
2 9271
2 9272
1 9305
3 9090
3 9091
2 9273
2 9274
3 9092
1 9306
0 9155
2 9324
2 9325
0 9205
2 9372
1 9406
0 9254
3 9252
1 9450
0 9303
3 9302
2 9471
1 9509
2 9472
1 9510
1 9511
0 9352
0 9401
0 9450
0 9498
3 9486
1 9706
2 9652
0 9547
2 9690
0 9596
0 9645
2 9789
1 9841
2 9790
1 9842
0 9694
3 9665
0 9743
3 9720
0 9792
2 9972
1 9998
2 9973
2 9974
1 9999
2 9975
0 9841
1 10062
0 9890
3 9875
2 10077
2 10078
2 10079
2 10081
1 10097
1 10098
2 10082
2 10083
1 10099
0 9940
3 9925
2 10121
3 9926
0 9988
0 10037
1 10203
2 10171
2 10172
1 10204
2 10173
1 10205
3 9986
0 10086
0 10135
3 10085
0 10184
1 10339
3 10133
0 10233
1 10387
1 10388
0 10282
3 10220
3 10221
1 10433
0 10331
1 10458
0 10379
3 10301
0 10428
1 10558
2 10528
1 10559
0 10477
3 10387
3 10388
3 10389
1 10614
0 10526
0 10575
1 10734
1 10737
0 10624
3 10516
2 10741
2 10742
3 10517
3 10518
3 10519
0 10672
0 10720
2 10851
3 10610
0 10768
0 10816
1 10955
3 10706
2 10930
0 10864
0 10912
3 10816
3 10817
3 10818
2 11039
1 11068
0 10960
2 11100
2 11101
3 10875
2 11102
1 11121
0 11008
3 10920
3 10921
3 10922
1 11160
1 11161
3 10923
3 10924
1 11162
1 11163
0 11056
3 10974
3 10975
0 11104
0 11152
1 11308
0 11200
3 11106
0 11248
1 11422
2 11365
2 11366
3 11165
1 11423
0 11295
3 11215
1 11467
1 11468
3 11216
1 11469
2 11416
0 11343
3 11261
0 11390
3 11305
3 11306
3 11307
1 11564
2 11494
1 11565
0 11437
3 11350
3 11351
3 11352
1 11620
2 11552
0 11484
3 11409
1 11667
2 11604
3 11410
0 11531
2 11646
0 11578
3 11498
1 11748
1 11749
1 11750
3 11499
3 11500
2 11697
0 11625
3 11542
1 11787
1 11788
3 11543
1 11789
3 11544
1 11790
2 11746
1 11791
3 11545
3 11546
0 11672
2 11790
1 11833
3 11592
2 11791
3 11593
1 11834
2 11792
2 11793
2 11794
3 11594
3 11595
1 11835
0 11719
2 11831
3 11630
2 11832
3 11631
2 11833
0 11767
3 11659
2 11873
0 11814
3 11710
1 11937
1 11938
0 11861
2 11969
0 11907
2 12011
0 11953
1 12063
0 11999
3 11909
0 12045
2 12126
1 12167
3 11961
2 12127
0 12090
2 12166
1 12204
0 12136
1 12242
1 12243
2 12203
0 12182
3 12089
3 12090
0 12227
3 12139
1 12322
2 12278
3 12143
2 12281
3 12144
1 12324
0 12274
2 12338
3 12206
3 12207
2 12339
0 12320
0 12366
0 12412
0 12459
1 12583
1 12584
1 12585
2 12517
0 12505
0 12551
3 12483
0 12597
3 12534
1 12752
0 12642
1 12812
3 12598
1 12813
2 12700
2 12701
1 12814
0 12688
0 12733
1 12901
1 12902
3 12680
3 12681
1 12903
1 12904
0 12778
2 12825
0 12822
3 12778
3 12779
3 12780
1 12989
0 12866
1 13035
3 12823
1 13036
2 12906
0 12911
0 12955
0 12999
1 13172
3 12951
1 13173
1 13174
3 12952
2 13032
3 12953
1 13175
2 13033
1 13176
3 12954
2 13034
3 12955
1 13177
0 13043
1 13212
0 13086
3 13051
3 13052
2 13104
1 13247
2 13111
2 13115
0 13143
0 13186
1 13339
3 13139
0 13229
1 13371
2 13218
2 13219
0 13272
2 13274
2 13275
2 13276
1 13422
1 13423
0 13315
0 13353
2 13355
3 13303
1 13518
1 13519
0 13393
3 13348
2 13402
0 13436
2 13441
0 13485
3 13433
0 13486
2 13483
3 13486
1 13681
0 13533
3 13490
3 13491
2 13525
1 13723
2 13566
3 13555
0 13617
0 13618
0 13619
2 13607
3 13591
1 13812
2 13648
3 13635
0 13719
0 13720
0 13721
3 13636
0 13722
0 13723
0 13724
1 13839
3 13637
1 13840
2 13689
0 13765
2 13729
3 13718
1 13929
0 13810
3 13719
1 13930
1 13931
2 13769
0 13864
0 13865
1 13967
2 13808
0 13902
2 13847
1 14054
0 13940
1 14055
0 13941
0 13942
3 13827
3 13828
0 13943
3 13829
3 13830
1 14057
2 13887
2 13925
1 14135
2 13962
1 14168
1 14169
1 14170
0 14055
2 13999
3 13957
3 13958
2 14036
2 14071
3 14060
0 14174
2 14107
2 14143
3 14139
0 14250
0 14251
1 14354
2 14178
1 14397
0 14299
1 14398
3 14190
0 14300
3 14191
2 14212
0 14345
3 14231
1 14439
0 14346
1 14440
3 14232
1 14441
0 14347
1 14442
3 14233
2 14244
2 14274
3 14305
2 14305
1 14522
2 14335
3 14356
3 14357
0 14477
2 14365
1 14571
3 14382
2 14394
0 14528
3 14416
1 14597
2 14424
1 14626
2 14453
2 14482
2 14511
2 14538
2 14562
2 14586
3 14566
2 14610
2 14633
0 14764
3 14599
1 14793
0 14765
1 14794
0 14766
3 14600
3 14601
1 14795
0 14767
2 14655
3 14624
3 14625
3 14626
3 14627
2 14675
2 14695
0 14838
0 14839
0 14840
3 14672
0 14841
0 14842
2 14713
1 14873
2 14730
2 14744
1 14899
1 14900
0 14883
0 14884
1 14901
2 14760
3 14735
0 14893
1 14910
0 14894
1 14911
1 14912
1 14922
2 14774
3 14750
1 14930
3 14751
2 14786
3 14763
2 14796
0 14929
2 14806
0 14944
0 14945
2 14819
0 14955
1 14969
2 14827
3 14812
1 14974
1 14975
1 14976
1 14977
0 14965
3 14813
2 14835
2 14844
3 14829
3 14830
2 14853
0 14985
0 14986
1 15000
0 14987
2 14862
2 14871
2 14880
