3 1015
0 1001
2 1034
2 1037
0 1032
0 1066
2 1116
3 1109
1 1107
2 1117
1 1108
2 1118
3 1110
2 1119
0 1105
2 1159
1 1164
0 1145
1 1205
0 1186
2 1249
1 1251
0 1231
1 1278
0 1277
1 1320
1 1321
0 1323
3 1340
3 1341
3 1342
0 1369
2 1421
0 1418
3 1437
1 1463
0 1468
1 1514
1 1515
2 1522
3 1497
0 1518
0 1567
0 1617
3 1638
2 1660
1 1662
2 1661
0 1667
1 1698
0 1717
1 1731
3 1733
1 1732
3 1734
2 1755
3 1735
1 1733
2 1756
2 1757
1 1734
0 1767
1 1773
1 1774
2 1801
2 1802
2 1803
0 1817
3 1840
1 1821
1 1822
2 1851
0 1867
0 1918
0 1968
3 1986
2 2019
3 1987
0 2018
1 2060
0 2068
1 2121
3 2105
3 2106
1 2122
3 2107
2 2144
3 2108
3 2109
2 2145
3 2110
3 2111
3 2112
1 2123
3 2113
3 2114
1 2124
1 2125
1 2126
3 2115
1 2127
2 2146
3 2116
1 2128
0 2119
3 2151
3 2152
3 2153
1 2162
1 2163
3 2154
3 2155
3 2156
0 2169
1 2203
3 2222
0 2219
0 2268
1 2288
0 2318
0 2368
0 2419
0 2469
2 2519
3 2503
1 2455
3 2504
3 2505
2 2520
1 2456
2 2521
1 2457
1 2458
3 2506
3 2507
2 2522
3 2508
0 2519
0 2569
3 2589
3 2590
0 2619
0 2669
1 2660
3 2696
3 2697
2 2704
0 2719
3 2737
2 2747
3 2738
1 2699
2 2748
1 2700
2 2749
0 2768
1 2745
0 2818
3 2856
3 2857
1 2800
3 2858
1 2801
3 2859
0 2868
3 2927
1 2855
1 2856
1 2857
3 2928
3 2929
0 2918
1 2899
3 2979
0 2968
1 2966
2 3038
1 2967
3 3049
3 3050
2 3039
2 3041
1 2969
3 3051
1 2970
3 3052
0 3019
1 3010
0 3067
1 3090
3 3138
1 3091
2 3144
3 3139
0 3118
0 3168
1 3188
0 3218
1 3247
2 3267
2 3268
1 3248
1 3249
1 3250
3 3275
0 3268
2 3330
1 3308
2 3331
2 3332
2 3333
0 3318
2 3371
0 3368
3 3394
1 3406
1 3407
2 3421
2 3422
0 3418
1 3450
2 3455
1 3451
0 3468
1 3505
3 3487
1 3506
2 3499
1 3507
0 3518
2 3562
1 3540
3 3522
1 3541
0 3568
0 3618
0 3668
1 3698
0 3718
0 3768
1 3799
3 3778
1 3800
3 3779
3 3780
3 3781
1 3801
2 3808
3 3782
1 3802
0 3816
2 3859
0 3866
1 3892
3 3884
0 3909
2 3987
1 3943
3 3941
2 3988
3 3942
0 3959
1 3993
3 3996
2 4038
0 4010
3 4034
2 4078
1 4050
0 4060
0 4110
2 4172
1 4139
0 4160
0 4210
3 4232
0 4260
1 4299
3 4275
0 4310
1 4357
0 4360
3 4348
3 4349
3 4350
3 4351
2 4403
1 4399
1 4400
1 4401
3 4352
3 4353
0 4410
0 4459
2 4525
2 4528
0 4510
1 4572
3 4512
2 4579
1 4573
3 4513
3 4514
0 4560
0 4610
0 4660
1 4715
1 4716
1 4717
1 4718
0 4709
3 4721
0 4759
0 4809
2 4913
2 4914
1 4862
1 4863
2 4915
0 4859
2 4968
2 4969
0 4909
3 4940
0 4959
0 5009
1 5072
0 5059
1 5095
0 5108
2 5224
2 5225
0 5158
3 5164
1 5208
0 5208
0 5258
3 5289
2 5390
0 5308
0 5358
2 5493
1 5442
1 5443
0 5407
0 5457
2 5595
0 5507
0 5557
1 5667
3 5561
3 5562
2 5681
0 5608
2 5710
3 5600
2 5711
0 5658
1 5772
0 5708
2 5811
2 5812
3 5700
3 5701
0 5758
0 5808
1 5877
0 5857
0 5907
1 5988
2 5995
1 5989
2 5996
1 5990
2 5997
0 5957
2 6047
1 6040
1 6041
1 6042
0 6006
0 6056
0 6105
0 6155
3 6129
0 6205
1 6282
2 6270
2 6271
0 6255
3 6230
2 6325
1 6329
2 6326
2 6327
1 6330
2 6328
2 6329
0 6306
2 6373
3 6277
3 6278
2 6374
0 6356
1 6410
3 6316
2 6407
2 6408
0 6405
1 6482
1 6483
0 6452
2 6514
2 6515
2 6516
2 6517
2 6518
1 6523
2 6519
2 6520
1 6524
0 6502
3 6454
2 6559
3 6455
1 6567
3 6456
3 6457
1 6568
1 6569
3 6458
0 6552
3 6520
1 6621
1 6622
1 6623
1 6624
2 6608
3 6521
1 6625
3 6522
3 6523
1 6626
2 6609
2 6610
2 6611
1 6627
1 6628
3 6525
0 6603
3 6564
0 6652
3 6616
0 6702
1 6776
1 6777
1 6778
2 6751
3 6673
2 6753
2 6754
1 6782
3 6674
1 6783
3 6675
1 6784
3 6676
3 6677
2 6755
3 6680
3 6681
0 6754
0 6803
1 6881
2 6856
3 6777
3 6778
2 6864
1 6892
1 6893
3 6782
0 6865
3 6823
3 6824
3 6825
3 6826
1 6938
1 6939
1 6940
1 6941
1 6942
1 6943
0 6915
1 6988
3 6874
1 6989
3 6875
2 6957
0 6965
3 6948
2 7021
2 7025
3 6951
3 6952
1 7060
3 6954
3 6955
2 7030
1 7063
1 7064
2 7032
2 7034
0 7022
1 7115
3 7004
1 7116
1 7117
3 7005
2 7080
0 7072
0 7122
3 7087
2 7156
1 7220
0 7169
3 7129
2 7208
1 7268
2 7210
1 7273
1 7274
0 7221
0 7271
3 7218
3 7219
2 7315
0 7320
1 7419
0 7370
0 7420
1 7527
2 7477
3 7371
0 7470
3 7409
0 7520
1 7605
3 7452
2 7563
2 7564
1 7606
1 7607
3 7453
0 7570
0 7620
2 7669
1 7714
1 7715
3 7558
3 7559
2 7670
0 7670
0 7720
3 7650
2 7766
2 7767
2 7768
2 7769
3 7651
0 7770
1 7874
1 7875
3 7729
3 7730
1 7876
0 7820
1 7954
0 7870
0 7920
0 7970
2 8071
1 8131
2 8072
0 8019
0 8069
2 8177
1 8229
3 8033
1 8230
1 8233
3 8037
1 8234
2 8180
3 8038
0 8120
0 8170
0 8220
3 8201
2 8328
1 8398
0 8270
0 8321
2 8421
0 8371
2 8471
2 8472
0 8421
1 8582
0 8470
2 8598
0 8519
1 8703
0 8569
1 8752
1 8753
1 8754
1 8755
3 8559
1 8756
1 8757
0 8619
1 8823
2 8776
2 8777
2 8778
0 8669
2 8828
2 8829
3 8656
1 8865
1 8866
1 8867
1 8868
0 8720
0 8770
2 8953
3 8776
0 8821
0 8870
3 8851
1 9080
1 9081
2 9023
2 9024
1 9082
0 8920
2 9074
0 8970
0 9019
3 8986
2 9178
0 9069
3 9055
2 9229
3 9056
2 9230
2 9231
2 9232
0 9119
2 9294
2 9295
2 9297
0 9170
1 9371
0 9218
0 9267
2 9428
3 9259
1 9462
2 9429
0 9316
2 9488
1 9532
1 9533
0 9366
2 9527
0 9415
3 9407
0 9464
2 9605
3 9436
1 9665
2 9606
0 9513
2 9667
0 9562
3 9545
1 9761
2 9707
2 9708
1 9762
0 9611
2 9758
0 9659
2 9801
1 9849
3 9623
0 9708
1 9903
2 9858
1 9904
2 9859
1 9905
2 9860
2 9861
3 9674
1 9906
2 9862
2 9863
2 9864
0 9757
1 9958
1 9959
1 9960
0 9805
0 9854
0 9903
3 9881
3 9882
3 9883
2 10091
2 10092
1 10105
3 9885
3 9886
1 10106
1 10107
1 10108
0 9954
1 10150
0 10003
0 10052
2 10196
1 10224
3 10006
3 10007
2 10197
2 10198
2 10199
2 10200
2 10201
0 10101
2 10240
3 10051
1 10256
0 10150
0 10199
0 10248
1 10399
3 10182
1 10400
1 10401
2 10371
2 10372
0 10297
0 10346
0 10395
3 10323
3 10324
2 10502
2 10503
3 10325
3 10326
0 10445
1 10576
2 10543
2 10544
2 10545
3 10348
3 10349
1 10577
1 10578
1 10579
3 10350
1 10580
3 10351
1 10581
1 10582
3 10352
2 10546
2 10547
0 10495
1 10627
1 10628
2 10591
1 10629
3 10405
3 10406
2 10592
3 10407
1 10630
2 10593
0 10544
1 10693
2 10647
3 10452
1 10694
3 10453
2 10648
2 10649
3 10454
1 10695
1 10696
0 10593
2 10697
2 10698
3 10500
1 10752
0 10642
0 10690
0 10738
0 10786
3 10680
2 10902
1 10927
1 10928
2 10903
3 10681
1 10929
3 10682
0 10834
1 10979
3 10725
3 10726
0 10882
3 10773
1 11039
1 11040
3 10774
3 10775
2 10998
2 10999
1 11041
1 11042
2 11000
3 10776
2 11001
0 10930
2 11061
2 11062
2 11063
2 11067
3 10843
3 10844
3 10845
1 11082
3 10846
0 10978
2 11115
1 11135
3 10888
1 11136
2 11116
1 11138
0 11027
0 11075
1 11235
1 11236
1 11237
2 11197
3 10989
2 11198
3 10990
0 11123
0 11171
1 11326
0 11220
1 11379
1 11380
3 11126
3 11127
0 11267
2 11380
3 11181
1 11438
2 11381
3 11182
0 11314
0 11360
2 11465
3 11274
2 11466
3 11275
1 11535
2 11467
3 11276
2 11468
1 11536
3 11277
1 11537
1 11538
1 11539
0 11407
3 11320
1 11581
0 11453
2 11575
0 11500
0 11547
3 11469
2 11665
1 11729
2 11667
1 11730
2 11668
1 11731
0 11596
2 11711
2 11712
1 11767
0 11643
3 11564
3 11565
2 11767
3 11566
2 11768
1 11804
3 11567
3 11568
2 11769
1 11805
0 11691
2 11804
3 11610
2 11805
3 11611
0 11738
0 11784
2 11891
3 11675
1 11908
1 11909
1 11910
3 11676
2 11892
3 11677
1 11911
3 11679
2 11894
3 11680
1 11913
2 11895
2 11896
0 11831
3 11726
2 11937
3 11727
1 11946
2 11938
1 11949
0 11879
3 11778
1 12000
0 11925
2 12034
3 11834
2 12035
3 11835
0 11971
1 12086
3 11875
0 12018
0 12064
2 12147
3 11977
2 12148
1 12186
0 12110
3 12016
2 12177
3 12017
0 12156
3 12065
0 12203
0 12248
3 12172
3 12173
1 12348
1 12349
2 12298
2 12299
0 12294
1 12391
1 12392
2 12343
0 12340
3 12272
2 12390
0 12386
1 12500
0 12432
0 12478
3 12411
3 12412
3 12413
3 12414
0 12524
0 12571
1 12717
3 12509
0 12616
0 12662
1 12826
2 12720
1 12827
3 12616
0 12708
2 12765
0 12753
0 12798
3 12766
0 12843
0 12887
2 12928
1 13057
2 12929
0 12932
1 13109
1 13110
0 12975
3 12926
2 13017
1 13150
0 13019
1 13192
3 12975
0 13063
3 13034
3 13035
2 13079
3 13036
0 13106
0 13144
1 13301
2 13155
0 13188
2 13187
0 13231
3 13178
0 13274
0 13316
2 13311
0 13357
0 13397
2 13406
1 13572
1 13573
0 13439
3 13388
2 13445
2 13486
1 13685
0 13538
2 13528
3 13532
1 13724
1 13725
0 13579
3 13533
0 13580
0 13581
3 13534
2 13570
0 13624
3 13557
3 13558
1 13753
0 13625
3 13559
1 13754
1 13755
1 13756
0 13626
0 13627
0 13628
1 13757
0 13629
3 13560
1 13758
2 13612
3 13598
3 13599
0 13681
0 13682
2 13654
1 13846
1 13847
3 13639
3 13640
3 13641
2 13694
0 13766
1 13884
1 13885
0 13767
1 13886
1 13887
1 13888
3 13688
0 13768
0 13769
2 13734
1 13936
1 13937
1 13938
1 13939
0 13819
1 13940
3 13728
2 13775
1 13971
0 13876
0 13877
1 13972
2 13814
2 13853
1 14065
3 13835
1 14066
2 13892
3 13871
3 13872
3 13873
3 13874
3 13875
3 13876
3 13877
1 14100
2 13930
0 14024
2 13967
0 14062
3 13931
1 14177
1 14178
0 14063
1 14179
1 14180
3 13932
2 14004
2 14041
3 14009
1 14252
2 14077
2 14113
0 14214
0 14215
2 14149
3 14150
0 14264
1 14359
3 14151
0 14265
1 14361
1 14362
2 14185
1 14407
1 14408
0 14311
3 14201
2 14219
2 14250
0 14402
2 14281
3 14308
1 14503
3 14312
3 14313
1 14504
1 14505
1 14506
0 14444
2 14312
2 14342
0 14487
1 14553
1 14554
2 14373
3 14394
1 14579
1 14580
3 14395
2 14403
0 14535
0 14536
3 14421
0 14537
1 14602
0 14538
2 14432
3 14445
3 14446
1 14631
3 14447
1 14632
3 14448
2 14460
2 14489
3 14481
1 14666
