0 302
1 328
1 329
1 330
3 304
0 310
3 313
3 314
3 315
1 340
0 318
0 327
0 335
0 344
1 381
3 354
3 355
2 363
2 364
0 353
1 390
0 363
2 388
2 389
2 390
2 393
2 394
3 374
2 395
3 375
1 405
0 375
0 386
0 397
2 433
0 406
0 416
3 431
0 423
0 430
3 439
2 455
2 456
1 465
2 460
0 442
2 467
2 468
0 451
0 456
1 495
0 469
0 477
0 486
2 509
3 487
3 488
1 516
0 498
3 499
3 500
2 522
2 523
2 524
2 525
3 501
0 506
2 530
3 507
1 539
0 519
3 523
1 550
3 526
0 534
2 553
3 540
3 541
0 550
3 549
3 550
0 567
1 594
1 595
3 562
0 585
3 598
1 627
0 605
2 624
0 626
3 644
1 672
3 645
1 673
1 674
1 675
1 676
2 654
0 649
3 670
0 672
3 690
0 691
2 716
1 738
2 717
0 715
3 746
2 762
2 766
0 752
2 788
1 806
1 807
1 808
3 794
0 783
1 843
3 836
1 851
2 828
1 857
1 862
0 839
0 856
2 873
1 909
1 932
3 936
2 925
2 926
2 927
2 930
2 931
0 916
1 964
0 959
3 988
3 989
1 992
3 1010
3 1011
1 1008
0 1007
0 1034
1 1065
2 1075
1 1068
1 1069
1 1070
2 1081
3 1077
1 1077
3 1078
2 1088
3 1081
3 1084
1 1080
3 1085
2 1094
0 1080
0 1119
0 1159
2 1208
2 1209
3 1204
2 1210
2 1211
0 1202
0 1247
3 1268
3 1269
0 1293
1 1336
1 1337
2 1346
1 1338
3 1304
1 1339
0 1339
2 1397
1 1385
1 1386
0 1386
2 1444
3 1410
2 1445
3 1411
2 1446
2 1447
2 1448
0 1435
1 1484
1 1485
1 1486
0 1485
1 1524
3 1506
3 1507
2 1533
0 1535
0 1585
0 1635
3 1649
0 1685
3 1696
0 1735
2 1776
3 1744
0 1785
3 1808
2 1822
2 1823
2 1824
0 1835
3 1861
2 1874
0 1885
1 1906
0 1935
3 1959
2 1989
3 1960
0 1985
2 2040
1 2017
3 2008
0 2035
1 2078
3 2065
2 2100
0 2085
1 2137
0 2135
2 2212
2 2213
3 2187
0 2184
3 2235
3 2236
3 2237
3 2238
2 2257
1 2219
3 2239
1 2220
0 2234
1 2266
1 2267
0 2284
2 2348
2 2349
2 2356
3 2326
1 2302
1 2303
2 2358
3 2327
1 2304
1 2305
0 2335
1 2345
0 2385
0 2435
2 2493
3 2466
0 2485
3 2529
1 2478
2 2539
1 2479
2 2540
1 2480
2 2541
3 2530
3 2531
0 2535
0 2585
0 2634
0 2682
2 2713
0 2732
3 2758
1 2708
1 2709
2 2762
0 2782
0 2832
2 2868
3 2885
2 2869
1 2825
0 2882
2 2925
0 2932
2 2991
0 2982
2 3056
0 3032
0 3081
3 3155
0 3131
3 3210
0 3181
1 3200
1 3201
2 3230
0 3231
2 3289
1 3268
1 3269
3 3287
2 3290
2 3291
2 3292
0 3281
1 3324
0 3331
1 3367
0 3381
2 3428
3 3408
0 3431
2 3465
3 3444
3 3445
2 3466
3 3446
3 3447
1 3467
1 3468
3 3448
3 3449
2 3467
0 3481
2 3522
2 3527
1 3524
2 3528
2 3529
3 3498
2 3530
2 3531
2 3532
1 3525
2 3533
1 3526
0 3532
3 3535
3 3536
3 3537
1 3550
2 3576
0 3582
1 3596
1 3597
0 3632
2 3651
3 3637
2 3652
3 3638
2 3653
2 3654
1 3643
3 3640
0 3683
0 3732
3 3748
0 3782
1 3814
1 3815
3 3791
1 3818
1 3819
3 3794
2 3825
2 3826
3 3796
2 3827
1 3821
2 3828
0 3835
3 3851
3 3852
1 3866
0 3880
2 3953
2 3954
3 3904
1 3916
2 3955
3 3905
3 3906
0 3930
0 3980
2 4046
2 4048
2 4049
0 4030
0 4080
1 4111
2 4137
2 4138
0 4130
3 4146
0 4179
1 4216
2 4251
2 4254
2 4255
2 4256
3 4201
2 4257
0 4230
0 4280
3 4291
3 4292
3 4293
3 4294
0 4330
1 4370
2 4378
3 4321
2 4379
3 4322
1 4371
3 4323
1 4372
0 4380
0 4430
3 4449
0 4479
3 4489
0 4530
0 4580
1 4642
0 4629
1 4672
3 4624
2 4684
1 4673
2 4685
2 4686
1 4674
3 4626
1 4676
2 4687
3 4627
2 4688
0 4680
0 4730
0 4780
0 4830
3 4850
3 4851
0 4880
1 4929
1 4930
0 4930
0 4979
1 5041
2 5103
2 5104
2 5105
3 5012
2 5106
1 5042
2 5107
3 5013
2 5113
2 5114
2 5115
2 5116
0 5029
0 5079
1 5118
1 5119
1 5120
2 5188
1 5121
0 5129
0 5179
1 5244
2 5304
2 5305
3 5196
1 5245
0 5229
3 5258
1 5310
1 5311
1 5312
1 5313
0 5279
0 5329
1 5411
0 5379
0 5429
3 5448
2 5565
1 5521
1 5522
1 5523
3 5449
2 5566
3 5450
1 5524
1 5525
0 5479
2 5609
3 5497
1 5594
1 5595
2 5610
2 5611
2 5612
2 5613
1 5596
2 5614
3 5498
2 5615
1 5597
2 5616
1 5598
1 5599
2 5617
2 5618
2 5619
3 5499
3 5500
0 5529
3 5537
3 5538
1 5630
0 5579
0 5629
0 5679
0 5729
1 5825
1 5826
1 5827
2 5828
2 5829
2 5830
3 5715
3 5716
3 5717
0 5779
0 5829
3 5795
1 5903
3 5796
1 5904
0 5879
1 5953
3 5859
3 5860
0 5929
2 6020
3 5902
0 5979
3 5954
2 6071
3 5955
2 6074
1 6082
0 6030
1 6128
2 6118
2 6119
3 6003
3 6004
3 6005
3 6006
2 6120
0 6080
0 6130
3 6103
3 6104
3 6105
0 6180
0 6230
3 6204
2 6301
1 6309
3 6205
1 6310
1 6311
1 6312
2 6303
3 6207
3 6208
2 6304
3 6209
2 6305
2 6306
0 6281
3 6260
0 6331
3 6293
1 6386
2 6392
1 6387
1 6388
1 6389
3 6294
3 6295
3 6296
0 6381
1 6440
0 6431
1 6501
2 6492
3 6401
3 6402
3 6403
2 6493
1 6502
2 6494
1 6503
2 6495
0 6481
2 6547
3 6441
2 6548
0 6531
0 6581
2 6631
3 6549
2 6632
1 6656
1 6657
0 6631
0 6680
2 6725
1 6752
1 6753
1 6754
2 6726
3 6644
1 6755
1 6756
0 6730
0 6780
2 6824
2 6830
1 6865
3 6746
3 6748
3 6749
3 6750
0 6834
2 6881
2 6882
1 6909
1 6910
0 6885
1 6957
0 6934
1 7018
2 6990
2 6994
2 6998
3 6911
1 7026
3 6912
1 7027
0 6990
3 6973
0 7040
3 7020
1 7136
1 7139
0 7090
1 7193
0 7140
1 7248
0 7190
2 7229
1 7292
1 7293
0 7240
2 7287
2 7288
1 7344
0 7291
0 7341
3 7283
3 7284
3 7285
2 7370
1 7432
1 7433
2 7371
3 7286
1 7434
1 7436
3 7287
0 7391
1 7486
1 7487
2 7426
0 7441
0 7491
0 7541
1 7634
1 7635
3 7481
2 7588
1 7636
1 7637
1 7638
0 7591
1 7682
1 7683
3 7529
0 7641
2 7695
2 7696
0 7691
0 7741
1 7847
1 7849
0 7790
1 7906
0 7840
1 7971
0 7890
0 7940
1 8097
1 8098
3 7913
0 7992
2 8101
3 7957
1 8153
0 8041
1 8197
1 8198
3 7999
1 8199
1 8200
2 8145
3 8000
3 8004
1 8201
1 8202
2 8150
1 8203
1 8204
3 8005
1 8205
2 8151
0 8092
3 8062
2 8215
0 8143
3 8123
3 8124
3 8125
1 8313
1 8314
1 8315
1 8316
1 8317
0 8193
0 8243
2 8348
3 8217
0 8293
1 8452
1 8453
2 8392
0 8343
2 8447
0 8393
3 8357
1 8552
3 8358
0 8442
2 8564
3 8407
0 8492
1 8670
3 8458
3 8459
2 8625
1 8671
0 8542
3 8525
2 8690
2 8691
0 8592
2 8732
0 8642
0 8692
3 8678
3 8679
2 8852
1 8894
1 8895
1 8896
1 8897
1 8898
1 8899
2 8853
1 8900
2 8854
0 8742
0 8792
1 9016
1 9017
2 8969
1 9018
0 8842
0 8892
1 9095
3 8860
0 8942
3 8916
0 8991
0 9041
1 9230
2 9205
3 9020
0 9090
2 9253
0 9140
2 9307
1 9337
1 9338
1 9339
3 9124
1 9340
1 9341
3 9125
2 9308
3 9126
2 9309
0 9190
1 9390
3 9179
0 9239
1 9434
1 9435
0 9288
3 9279
2 9447
0 9336
3 9339
3 9340
1 9553
3 9342
2 9506
1 9556
1 9557
0 9385
0 9434
3 9417
0 9483
2 9634
1 9690
2 9635
3 9469
1 9691
3 9470
1 9692
2 9637
2 9638
3 9471
1 9693
3 9472
3 9473
1 9694
3 9474
3 9475
3 9477
2 9640
2 9641
0 9534
1 9742
0 9582
0 9630
3 9587
0 9679
1 9872
1 9873
1 9874
0 9728
2 9887
3 9702
2 9888
3 9703
3 9704
0 9777
2 9955
3 9755
0 9826
1 10039
3 9811
3 9815
2 10017
2 10018
1 10041
1 10042
3 9816
0 9875
1 10092
0 9924
0 9972
1 10160
1 10161
0 10021
2 10159
0 10070
0 10119
0 10168
1 10322
1 10323
2 10294
2 10295
1 10324
2 10296
0 10217
1 10373
3 10163
3 10164
2 10350
0 10266
3 10203
0 10315
2 10427
3 10245
0 10364
2 10470
1 10495
1 10496
1 10497
2 10471
1 10498
1 10499
3 10285
2 10472
1 10500
1 10501
0 10413
1 10548
2 10518
0 10462
2 10559
2 10560
2 10561
3 10370
2 10562
3 10371
3 10372
1 10597
1 10598
0 10511
3 10421
1 10648
1 10649
0 10560
3 10470
1 10713
1 10714
1 10715
3 10471
1 10716
2 10661
1 10717
0 10609
1 10768
1 10769
0 10659
1 10800
3 10550
2 10770
0 10707
3 10599
1 10864
0 10755
3 10639
3 10640
3 10641
0 10803
0 10851
3 10746
2 10965
1 11003
3 10747
2 10966
1 11004
1 11005
3 10748
2 10967
1 11006
1 11007
2 10968
0 10899
1 11054
2 11029
0 10947
1 11097
3 10862
0 10995
0 11043
3 10958
3 10959
1 11205
0 11091
0 11139
1 11291
3 11038
0 11186
1 11337
1 11338
0 11234
3 11147
3 11148
0 11282
3 11201
2 11396
2 11397
2 11398
0 11329
2 11445
2 11446
0 11376
0 11423
1 11598
3 11340
2 11531
2 11532
1 11599
2 11533
1 11600
2 11534
0 11470
1 11649
0 11517
1 11696
3 11440
1 11697
2 11635
0 11565
2 11678
2 11679
2 11680
1 11736
2 11681
1 11737
3 11485
3 11486
3 11487
3 11488
1 11738
1 11739
2 11683
0 11613
0 11660
2 11780
2 11781
0 11707
0 11754
2 11858
2 11859
1 11884
2 11862
1 11888
3 11651
3 11652
0 11802
1 11929
0 11849
1 11971
3 11748
1 11972
0 11895
0 11941
2 12045
0 11988
3 11889
3 11890
3 11891
1 12101
2 12077
1 12102
1 12103
1 12104
1 12105
0 12034
3 11950
3 11951
3 11952
3 11953
3 11954
1 12164
0 12080
3 11992
3 11993
0 12126
2 12195
3 12045
0 12173
1 12265
3 12082
2 12223
1 12266
3 12083
3 12084
2 12224
1 12267
1 12268
3 12085
2 12225
0 12219
1 12315
2 12276
1 12316
0 12265
3 12196
0 12311
2 12360
3 12239
0 12357
1 12462
1 12463
2 12416
0 12403
3 12332
0 12449
2 12502
2 12503
0 12494
3 12422
3 12423
3 12424
3 12425
2 12555
2 12556
2 12557
2 12558
0 12541
2 12598
3 12470
2 12599
1 12689
3 12471
3 12472
3 12473
2 12600
3 12474
0 12587
3 12520
1 12727
2 12633
3 12521
2 12634
1 12728
2 12635
2 12636
3 12522
3 12523
1 12729
1 12730
2 12637
2 12638
3 12524
0 12633
1 12803
2 12687
3 12591
3 12592
2 12688
3 12593
1 12805
2 12689
0 12680
2 12738
2 12739
3 12638
2 12740
0 12726
1 12885
0 12770
2 12814
3 12726
3 12727
1 12928
1 12929
3 12728
2 12815
0 12815
0 12860
1 13027
2 12894
0 12905
3 12855
