0 966
0 991
0 1020
0 1050
3 1093
3 1094
1 1088
1 1089
1 1090
3 1095
1 1091
1 1092
2 1102
3 1097
3 1098
0 1090
1 1131
3 1132
0 1128
1 1191
3 1185
1 1192
3 1186
1 1193
2 1185
0 1170
3 1220
3 1221
1 1235
1 1236
3 1222
2 1233
1 1237
3 1223
1 1238
2 1234
0 1213
0 1260
2 1313
1 1306
2 1314
2 1315
2 1316
3 1279
2 1317
0 1306
3 1318
2 1355
1 1344
0 1352
1 1403
0 1400
2 1470
3 1427
1 1450
3 1428
0 1450
1 1499
2 1514
3 1480
1 1500
3 1481
2 1515
2 1516
0 1500
0 1550
2 1597
0 1600
3 1623
3 1624
2 1646
2 1647
3 1625
3 1626
0 1652
2 1690
0 1702
0 1752
3 1758
2 1786
0 1802
2 1837
0 1852
2 1890
1 1867
1 1870
0 1902
3 1920
0 1952
0 2001
1 2040
1 2041
2 2056
0 2051
0 2100
1 2144
1 2145
0 2150
0 2200
1 2234
2 2274
1 2235
2 2275
3 2250
3 2251
0 2250
0 2300
0 2350
0 2400
1 2405
0 2450
2 2503
0 2500
1 2491
1 2492
0 2550
2 2589
0 2599
1 2566
2 2632
1 2567
0 2649
0 2699
1 2688
2 2734
1 2689
0 2749
0 2799
1 2777
2 2824
2 2825
2 2826
3 2826
2 2827
1 2778
0 2849
2 2885
0 2899
2 2938
0 2949
2 3007
1 2931
0 2998
0 3048
1 3036
3 3112
1 3037
0 3098
3 3176
0 3148
3 3227
2 3208
0 3198
1 3217
2 3248
1 3218
2 3249
1 3219
2 3250
1 3220
3 3260
2 3251
1 3221
3 3261
0 3248
2 3308
2 3309
1 3280
1 3281
0 3298
1 3339
0 3348
2 3398
1 3384
1 3385
2 3399
1 3386
2 3400
0 3398
2 3443
2 3444
1 3435
2 3445
1 3436
0 3449
0 3499
3 3512
2 3546
2 3547
3 3513
3 3514
2 3548
3 3515
0 3549
1 3567
3 3555
2 3589
1 3568
3 3556
2 3590
3 3557
2 3591
2 3592
0 3599
3 3601
1 3614
2 3620
2 3621
3 3602
1 3615
2 3622
1 3616
0 3649
2 3679
2 3680
1 3681
1 3682
0 3700
1 3727
3 3720
2 3731
2 3732
1 3730
2 3733
2 3734
1 3731
2 3735
2 3737
1 3737
2 3743
0 3756
3 3768
1 3791
0 3806
1 3839
1 3840
3 3815
1 3841
3 3816
2 3850
0 3856
1 3884
2 3912
2 3918
1 3891
0 3907
3 3937
0 3957
0 4007
1 4047
2 4073
1 4048
2 4074
3 4031
2 4075
0 4057
3 4068
0 4107
3 4113
1 4135
1 4136
2 4170
3 4114
0 4157
2 4228
1 4188
1 4190
3 4176
0 4206
1 4248
0 4256
0 4305
2 4357
0 4355
1 4393
0 4405
1 4460
3 4424
1 4463
0 4455
1 4511
3 4468
2 4517
3 4469
2 4518
2 4519
1 4513
2 4521
3 4472
2 4524
0 4507
0 4557
2 4621
1 4620
1 4621
1 4622
2 4623
2 4624
3 4563
1 4623
3 4564
0 4607
1 4654
3 4603
1 4655
0 4657
3 4664
0 4707
0 4757
3 4785
1 4815
3 4786
2 4855
3 4787
3 4788
2 4856
2 4857
3 4789
1 4817
3 4790
1 4818
1 4819
3 4791
2 4858
0 4807
3 4822
3 4823
2 4910
2 4911
2 4912
3 4824
0 4857
0 4907
3 4936
3 4937
2 5019
3 4938
1 4972
3 4939
2 5020
2 5021
0 4957
2 5073
3 4992
1 5024
0 5006
3 5027
1 5064
1 5065
1 5066
1 5067
2 5130
2 5131
3 5028
2 5132
0 5056
3 5066
3 5067
0 5106
3 5119
2 5220
1 5157
0 5156
3 5163
0 5206
2 5333
1 5275
3 5233
3 5234
1 5276
2 5334
1 5277
2 5335
1 5278
3 5235
2 5336
2 5337
2 5338
2 5339
2 5340
1 5279
1 5280
2 5341
1 5281
1 5282
3 5237
1 5283
1 5284
3 5238
2 5342
0 5257
0 5307
0 5357
3 5372
3 5373
2 5492
1 5441
0 5408
3 5432
1 5499
2 5546
2 5547
3 5433
1 5500
2 5548
3 5434
2 5549
2 5550
0 5458
2 5596
2 5597
1 5573
0 5508
3 5518
1 5618
3 5519
2 5649
2 5650
2 5651
1 5619
3 5520
0 5558
3 5560
1 5665
2 5680
1 5666
0 5607
3 5597
3 5598
3 5599
1 5709
0 5657
2 5755
3 5652
3 5653
3 5654
1 5769
2 5756
3 5655
1 5770
3 5656
2 5757
1 5771
3 5657
0 5707
3 5698
3 5699
0 5757
2 5853
3 5733
3 5734
2 5854
1 5846
1 5847
1 5848
3 5735
0 5807
2 5887
2 5888
3 5769
0 5858
1 5931
3 5836
3 5837
3 5838
1 5932
2 5935
2 5936
2 5937
2 5938
0 5908
2 5998
3 5891
0 5958
3 5925
0 6008
3 5982
0 6058
3 6037
3 6038
0 6107
2 6190
0 6157
1 6232
3 6131
1 6233
2 6229
0 6206
1 6283
2 6272
2 6273
1 6284
3 6177
3 6178
1 6285
0 6256
0 6305
2 6372
0 6355
3 6314
2 6404
3 6315
2 6405
1 6409
2 6406
0 6406
2 6459
3 6372
2 6461
0 6455
0 6504
2 6560
1 6570
3 6460
3 6461
1 6571
2 6561
3 6462
3 6463
1 6572
1 6573
2 6562
0 6554
2 6612
0 6604
0 6654
3 6617
2 6701
1 6726
0 6706
0 6756
2 6800
1 6833
0 6805
2 6857
1 6888
1 6889
0 6857
0 6906
0 6954
1 7038
1 7039
1 7040
0 7001
0 7049
3 7024
2 7096
0 7098
2 7128
0 7149
3 7110
2 7185
1 7251
1 7252
3 7111
1 7253
2 7187
2 7188
2 7189
1 7254
3 7112
2 7190
3 7113
2 7191
0 7199
2 7238
3 7157
0 7249
2 7295
2 7296
1 7351
0 7300
0 7349
0 7399
3 7350
1 7494
1 7495
0 7452
1 7556
2 7505
0 7502
0 7551
1 7648
0 7601
0 7651
3 7585
0 7701
0 7751
3 7695
3 7698
1 7856
1 7857
1 7858
1 7859
0 7802
0 7852
1 7988
1 7989
1 7990
1 7991
0 7902
2 8005
2 8006
3 7884
3 7885
0 7952
3 7922
1 8114
1 8115
1 8116
2 8056
0 8002
2 8113
3 7969
3 7970
1 8165
2 8117
0 8052
3 8013
3 8014
1 8211
0 8102
0 8152
2 8265
3 8134
0 8203
0 8253
3 8226
1 8413
0 8303
0 8353
0 8402
0 8452
2 8571
3 8413
0 8502
2 8642
3 8472
2 8643
0 8552
3 8527
3 8528
3 8529
1 8740
0 8602
1 8798
1 8799
2 8753
0 8652
1 8857
3 8644
3 8645
1 8858
1 8859
3 8646
0 8702
2 8865
3 8689
3 8690
3 8691
3 8692
1 8913
0 8753
1 8978
1 8979
0 8803
0 8853
0 8902
1 9106
3 8868
2 9052
2 9053
3 8869
0 8952
0 9001
2 9155
0 9051
1 9243
1 9244
0 9100
1 9297
1 9298
1 9299
3 9080
3 9081
2 9263
2 9264
3 9082
1 9300
2 9265
0 9150
2 9320
1 9350
2 9321
2 9322
0 9200
0 9249
3 9243
0 9298
2 9464
3 9297
1 9496
1 9497
3 9298
2 9465
3 9299
2 9466
3 9300
1 9498
0 9347
0 9394
1 9602
2 9551
0 9443
0 9492
0 9541
3 9525
2 9683
2 9684
3 9526
1 9744
2 9686
1 9745
1 9746
2 9687
0 9591
0 9640
1 9830
0 9689
3 9661
0 9738
3 9711
2 9895
1 9937
2 9898
3 9715
0 9788
0 9837
1 10058
3 9828
3 9829
2 10035
3 9830
3 9831
2 10036
2 10037
1 10059
2 10038
1 10060
2 10039
1 10061
0 9886
1 10094
2 10075
3 9871
3 9872
1 10095
3 9873
0 9936
0 9985
1 10168
1 10169
3 9955
2 10146
0 10034
2 10169
1 10199
2 10170
0 10083
0 10132
1 10279
2 10266
1 10280
3 10081
1 10281
0 10181
2 10302
0 10230
0 10279
0 10328
1 10454
2 10431
1 10455
2 10432
2 10433
2 10434
1 10456
1 10457
0 10377
2 10480
1 10508
1 10509
0 10426
0 10475
3 10386
0 10524
3 10430
2 10618
3 10431
1 10658
2 10619
1 10659
1 10660
1 10661
0 10573
2 10672
2 10673
2 10674
1 10730
1 10731
1 10732
2 10675
3 10484
2 10676
1 10733
2 10677
3 10485
3 10488
1 10735
2 10679
1 10736
2 10680
3 10489
0 10623
0 10671
0 10719
1 10872
0 10766
1 10904
3 10654
2 10886
2 10887
3 10655
2 10888
2 10889
0 10814
1 10954
0 10862
2 10974
3 10757
3 10758
1 11018
3 10759
1 11019
3 10760
1 11020
1 11021
2 10975
0 10910
3 10813
3 10814
0 10958
2 11098
0 11006
2 11132
1 11155
1 11156
1 11157
0 11053
3 10971
3 10972
2 11177
0 11101
2 11227
2 11228
0 11149
0 11197
2 11305
2 11306
1 11344
1 11345
1 11346
1 11347
1 11348
3 11102
1 11349
0 11245
1 11416
1 11417
3 11158
2 11358
0 11292
1 11462
3 11212
1 11463
1 11464
2 11415
0 11339
0 11386
0 11433
2 11549
0 11480
1 11658
2 11595
3 11399
1 11659
3 11400
1 11660
2 11596
0 11527
0 11574
1 11742
0 11621
2 11734
2 11735
0 11668
0 11715
1 11859
0 11761
0 11808
1 11934
1 11935
0 11855
2 11968
1 11984
0 11901
3 11805
0 11947
0 11993
1 12118
1 12119
0 12039
0 12085
0 12130
3 12048
1 12237
1 12238
0 12176
3 12086
0 12222
1 12317
1 12318
3 12136
3 12137
1 12319
0 12268
3 12198
2 12330
3 12199
2 12331
1 12376
3 12200
2 12332
1 12377
2 12333
3 12201
3 12202
2 12334
0 12315
3 12242
3 12243
0 12361
2 12418
2 12419
1 12466
3 12296
1 12467
1 12468
1 12469
1 12470
1 12471
1 12472
0 12407
1 12523
3 12338
1 12524
2 12470
2 12471
3 12339
3 12340
0 12453
3 12388
0 12498
1 12633
2 12561
1 12634
1 12635
1 12636
1 12637
2 12562
0 12544
0 12590
2 12640
1 12737
2 12641
0 12637
3 12595
0 12683
3 12642
3 12643
0 12728
1 12890
2 12777
1 12891
0 12773
2 12819
0 12818
1 12987
2 12866
0 12864
2 12901
0 12908
3 12862
1 13082
2 12952
0 12952
3 12903
2 12986
1 13131
3 12904
1 13132
0 12996
3 12943
1 13165
3 12944
1 13166
2 13030
0 13040
3 13002
3 13003
0 13084
3 13049
0 13123
1 13282
1 13283
2 13139
1 13286
2 13142
2 13144
0 13168
1 13321
1 13322
1 13323
0 13211
3 13161
3 13162
1 13357
2 13203
0 13253
1 13403
0 13296
2 13297
3 13257
3 13258
0 13339
2 13341
1 13506
2 13343
0 13386
1 13557
0 13425
1 13582
2 13430
1 13602
3 13407
3 13408
2 13456
2 13499
3 13499
1 13699
1 13700
1 13701
3 13500
3 13501
3 13502
0 13550
1 13702
2 13541
2 13583
0 13643
1 13771
0 13644
1 13772
1 13773
1 13774
0 13645
1 13775
1 13776
1 13777
1 13778
0 13646
0 13651
0 13652
2 13627
3 13612
0 13696
3 13613
0 13697
2 13667
1 13861
1 13862
0 13742
0 13743
2 13708
1 13901
1 13902
1 13903
2 13747
0 13839
1 13952
1 13953
2 13786
3 13760
0 13885
1 13982
0 13886
1 13983
2 13825
0 13923
0 13924
1 14025
3 13803
0 13925
3 13804
0 13926
1 14026
1 14027
1 14028
2 13864
1 14081
0 13962
1 14082
3 13852
2 13902
1 14113
1 14114
1 14115
3 13889
2 13940
0 14035
1 14147
1 14148
2 13977
3 13942
0 14069
2 14014
2 14051
3 14028
3 14029
1 14264
3 14030
0 14156
3 14031
2 14087
3 14085
0 14196
3 14086
3 14087
2 14123
0 14219
3 14115
0 14220
1 14332
0 14221
3 14116
0 14222
2 14159
3 14169
1 14373
1 14374
2 14194
1 14417
0 14321
2 14228
0 14364
1 14459
2 14259
0 14412
0 14413
2 14290
1 14514
2 14321
0 14467
1 14536
2 14349
3 14364
2 14378
3 14405
2 14408
3 14424
3 14425
1 14609
2 14436
3 14452
0 14564
2 14465
3 14469
1 14654
0 14591
0 14592
0 14593
3 14470
2 14495
2 14522
0 14651
3 14502
1 14692
2 14549
3 14528
0 14682
