1 1390
2 1401
0 1392
2 1460
1 1442
1 1443
2 1461
3 1420
1 1444
0 1442
0 1492
2 1542
0 1542
0 1592
1 1635
0 1642
3 1661
1 1681
3 1662
1 1682
2 1685
3 1663
0 1692
2 1730
0 1742
3 1750
3 1751
1 1753
1 1754
2 1780
0 1792
0 1842
3 1869
0 1892
1 1913
1 1914
2 1930
3 1901
0 1942
3 1964
0 1992
3 2012
2 2042
3 2013
1 2020
2 2043
1 2021
2 2044
1 2022
1 2024
2 2046
2 2047
1 2025
2 2048
1 2026
1 2027
1 2028
0 2042
2 2111
1 2085
3 2070
1 2086
2 2112
2 2113
0 2092
3 2129
3 2130
2 2159
0 2142
3 2194
1 2189
2 2218
3 2195
0 2192
2 2264
3 2246
1 2230
3 2247
1 2231
0 2242
3 2285
0 2292
0 2342
0 2392
0 2442
3 2482
3 2483
0 2493
3 2543
2 2551
1 2490
2 2552
2 2553
0 2543
2 2585
1 2535
0 2593
3 2604
2 2623
1 2561
0 2643
3 2671
2 2679
3 2672
2 2680
2 2681
1 2625
2 2682
3 2673
1 2626
2 2683
1 2627
1 2628
1 2629
1 2630
1 2631
2 2684
0 2693
0 2743
0 2793
3 2814
2 2817
0 2843
0 2893
1 2874
3 2960
1 2875
2 2930
2 2931
3 2961
2 2932
1 2876
1 2877
1 2878
3 2962
3 2963
1 2879
2 2933
2 2934
0 2943
0 2993
2 3065
0 3043
2 3111
1 3031
1 3034
1 3035
2 3112
3 3109
3 3110
2 3113
0 3094
1 3123
3 3168
3 3169
3 3170
0 3144
2 3206
2 3207
0 3194
0 3244
0 3294
0 3344
0 3394
3 3419
0 3444
3 3466
1 3481
3 3467
0 3495
0 3545
1 3559
3 3546
1 3560
2 3581
3 3547
2 3582
0 3594
1 3613
0 3644
0 3694
3 3710
1 3723
1 3724
1 3725
3 3711
3 3712
3 3713
0 3743
2 3783
2 3785
0 3794
1 3826
2 3832
2 3834
1 3829
3 3807
0 3845
3 3864
2 3901
2 3906
0 3900
1 3935
1 3936
0 3950
2 4035
1 3986
3 3986
0 4001
2 4065
3 4027
1 4038
0 4051
1 4085
2 4112
3 4065
3 4066
0 4101
2 4165
0 4150
0 4200
2 4273
1 4234
1 4235
0 4250
1 4290
2 4322
0 4300
0 4350
2 4397
2 4398
1 4389
0 4401
2 4450
0 4451
0 4499
0 4548
2 4611
1 4614
2 4613
2 4614
3 4554
1 4615
3 4555
3 4556
3 4557
1 4616
1 4617
3 4558
3 4559
2 4615
2 4616
0 4598
2 4659
2 4661
0 4649
3 4650
1 4698
3 4651
1 4699
3 4652
1 4700
1 4701
3 4653
3 4654
1 4702
2 4714
2 4716
2 4717
3 4658
1 4705
1 4706
2 4718
2 4719
2 4720
0 4701
2 4781
0 4752
2 4849
0 4801
1 4854
3 4818
2 4899
1 4855
1 4856
2 4900
3 4819
0 4851
0 4901
1 4962
1 4963
0 4951
3 4984
1 5014
0 5001
3 5023
1 5056
2 5128
1 5057
3 5024
3 5025
0 5051
2 5158
0 5101
2 5207
1 5147
2 5208
2 5209
1 5148
0 5151
0 5201
3 5227
1 5266
3 5228
2 5328
1 5267
3 5229
3 5230
1 5268
2 5329
1 5269
2 5330
0 5251
1 5334
1 5335
2 5381
3 5282
2 5382
3 5283
1 5336
3 5284
0 5301
2 5431
2 5432
3 5326
2 5433
3 5327
2 5434
2 5435
0 5351
2 5488
0 5401
0 5451
2 5587
2 5588
2 5589
2 5590
3 5476
0 5501
0 5551
3 5557
1 5656
0 5601
0 5651
1 5764
1 5765
0 5701
1 5808
1 5809
0 5751
1 5845
2 5850
3 5729
3 5730
0 5801
3 5765
1 5875
0 5851
1 5928
1 5929
0 5901
1 5983
0 5951
3 5916
1 6031
2 6032
2 6033
1 6032
3 5917
1 6033
2 6034
2 6035
3 5918
2 6036
2 6037
2 6038
2 6039
2 6040
0 6002
1 6109
3 5976
3 5977
3 5978
0 6052
1 6147
1 6148
3 6035
2 6148
0 6102
1 6188
0 6152
0 6201
2 6266
3 6176
0 6251
1 6326
0 6301
3 6275
3 6276
0 6352
3 6312
0 6401
1 6468
3 6363
1 6469
1 6470
3 6364
2 6451
1 6473
1 6474
2 6454
2 6462
0 6456
2 6525
1 6525
1 6526
1 6527
2 6526
2 6527
3 6419
0 6506
2 6563
0 6556
1 6630
2 6614
1 6632
0 6606
2 6646
1 6675
0 6656
2 6702
3 6618
0 6704
1 6781
0 6750
1 6822
3 6711
1 6823
3 6712
2 6791
1 6824
2 6792
1 6825
1 6826
1 6827
3 6713
3 6714
3 6715
3 6716
3 6717
2 6795
2 6796
0 6801
2 6854
1 6885
1 6886
2 6861
2 6868
0 6868
3 6827
3 6828
2 6907
0 6918
1 6996
1 6997
2 6962
3 6877
3 6878
3 6879
2 6963
2 6967
3 6887
2 6972
1 7012
2 6980
1 7016
2 6987
2 6993
0 6988
2 7045
3 6972
2 7047
1 7076
0 7038
1 7134
2 7092
3 7019
0 7088
1 7190
0 7138
2 7179
3 7107
0 7189
0 7238
3 7199
3 7200
1 7342
0 7288
3 7243
2 7337
1 7389
1 7390
3 7244
1 7391
0 7338
3 7281
0 7388
2 7425
3 7344
0 7438
2 7493
0 7488
2 7540
1 7582
3 7418
0 7538
2 7581
1 7629
2 7582
2 7585
3 7479
2 7586
1 7630
2 7587
1 7631
3 7480
0 7589
1 7680
3 7527
0 7639
3 7577
0 7689
3 7612
2 7737
0 7739
3 7675
3 7676
2 7794
3 7677
1 7843
3 7678
1 7844
3 7679
3 7680
2 7795
2 7796
3 7681
3 7682
0 7789
0 7839
1 7969
2 7929
1 7970
0 7889
2 7990
1 8040
1 8041
3 7874
3 7875
3 7876
0 7939
0 7989
0 8039
0 8089
2 8210
0 8139
0 8189
3 8167
3 8168
3 8169
0 8239
0 8289
2 8387
0 8339
1 8495
1 8496
1 8497
3 8302
1 8498
3 8303
3 8304
2 8435
2 8436
1 8499
1 8500
1 8501
3 8305
3 8306
2 8437
2 8438
0 8389
1 8542
1 8543
2 8493
1 8544
3 8352
1 8545
3 8353
2 8494
3 8354
1 8546
3 8355
2 8495
1 8551
2 8496
2 8497
2 8498
0 8440
2 8560
2 8561
2 8562
2 8563
3 8406
0 8490
3 8457
0 8540
1 8732
3 8523
0 8590
0 8640
1 8837
3 8634
2 8801
2 8802
3 8635
0 8690
2 8845
2 8846
2 8847
1 8890
3 8674
0 8740
0 8789
0 8839
2 9003
0 8888
1 9093
2 9032
3 8856
0 8938
2 9093
1 9134
1 9135
0 8987
3 8958
2 9138
1 9167
0 9037
0 9087
1 9288
3 9071
0 9137
1 9335
0 9187
3 9177
3 9178
1 9387
0 9236
0 9284
2 9444
2 9445
3 9277
0 9332
1 9551
0 9381
3 9376
3 9377
3 9378
0 9430
1 9639
0 9479
3 9460
3 9461
2 9626
2 9627
3 9462
3 9463
3 9464
1 9683
0 9528
2 9676
3 9505
3 9506
0 9577
3 9556
1 9776
2 9722
0 9626
3 9585
0 9675
2 9821
2 9822
1 9870
0 9723
3 9699
0 9772
1 9980
1 9981
1 9982
0 9821
2 10006
2 10007
1 10027
3 9797
2 10008
3 9798
2 10009
1 10028
1 10029
3 9799
1 10030
2 10010
3 9800
1 10031
1 10032
3 9801
3 9802
3 9803
2 10011
1 10033
1 10034
2 10012
1 10035
3 9805
2 10013
1 10037
1 10038
3 9806
3 9807
0 9871
1 10088
2 10066
0 9920
2 10103
2 10104
1 10123
0 9969
2 10139
0 10018
1 10188
3 9971
3 9972
2 10157
3 9973
3 9975
3 9976
3 9977
1 10191
0 10067
2 10209
0 10116
1 10266
3 10063
1 10267
0 10164
0 10212
2 10339
1 10369
2 10340
3 10157
2 10342
2 10343
2 10344
2 10345
2 10346
0 10261
3 10199
1 10412
0 10310
1 10446
1 10447
3 10236
2 10417
3 10237
0 10359
3 10281
3 10282
1 10488
1 10489
3 10283
3 10284
1 10490
1 10491
1 10493
1 10494
0 10408
3 10333
1 10545
1 10546
1 10547
2 10515
0 10457
3 10366
1 10590
1 10591
2 10553
3 10367
1 10592
0 10506
3 10416
2 10600
3 10417
0 10555
0 10604
1 10762
2 10707
2 10708
2 10709
1 10763
3 10507
2 10710
0 10653
0 10701
1 10862
3 10597
1 10863
0 10749
1 10894
3 10631
2 10874
2 10875
0 10797
0 10844
2 10961
1 10993
3 10742
1 10994
0 10892
0 10940
0 10988
0 11036
2 11159
2 11160
3 10947
2 11161
3 10948
1 11199
0 11084
2 11207
3 10998
3 10999
1 11243
2 11208
0 11133
2 11243
1 11283
3 11028
1 11284
2 11244
3 11029
3 11030
3 11031
2 11245
0 11181
2 11295
0 11229
3 11140
3 11141
2 11341
3 11142
1 11389
2 11342
1 11390
3 11143
0 11276
3 11193
2 11389
0 11323
2 11437
3 11242
3 11243
0 11370
0 11417
0 11464
2 11583
3 11381
2 11584
1 11642
1 11643
1 11646
1 11647
1 11648
0 11512
1 11690
0 11558
1 11735
3 11475
3 11476
3 11477
0 11605
1 11773
0 11652
1 11813
3 11577
1 11814
2 11776
1 11815
2 11777
0 11699
3 11615
3 11616
0 11746
0 11793
3 11692
0 11841
2 11954
1 11965
2 11955
0 11887
3 11787
1 12006
0 11933
0 11979
1 12091
1 12092
3 11883
1 12094
0 12025
2 12115
3 11934
1 12148
0 12070
2 12151
2 12152
1 12193
2 12153
2 12154
3 11983
3 11984
0 12117
1 12221
1 12222
1 12223
1 12224
3 12031
1 12225
3 12032
0 12162
3 12073
0 12208
3 12127
0 12254
3 12181
3 12182
3 12183
2 12303
2 12304
2 12305
1 12353
1 12354
1 12355
0 12300
3 12226
2 12346
3 12227
1 12396
0 12346
3 12283
2 12399
1 12452
0 12392
1 12508
0 12437
1 12556
0 12483
2 12541
2 12542
1 12619
2 12543
2 12544
1 12620
1 12621
0 12529
3 12457
2 12579
2 12580
3 12458
0 12575
0 12621
0 12667
0 12713
3 12670
2 12767
1 12875
2 12768
1 12876
2 12769
1 12877
0 12758
3 12717
2 12808
2 12809
3 12718
0 12803
2 12853
0 12847
3 12805
2 12886
2 12887
1 13018
3 12807
0 12893
2 12937
2 12938
3 12847
1 13061
0 12938
1 13118
2 12972
3 12883
3 12884
3 12886
1 13120
2 12973
2 12974
0 12983
3 12933
3 12934
3 12935
3 12936
3 12937
2 13026
2 13027
0 13028
0 13072
3 13039
2 13092
0 13116
3 13074
2 13134
0 13159
3 13118
0 13202
3 13152
3 13153
1 13349
3 13154
1 13350
0 13245
3 13192
2 13235
3 13195
1 13395
3 13196
1 13396
3 13197
1 13397
3 13198
1 13399
3 13199
1 13400
2 13239
1 13401
3 13200
2 13240
0 13292
3 13250
1 13440
0 13333
3 13287
0 13374
2 13383
2 13389
0 13423
0 13450
1 13603
3 13409
1 13604
1 13605
0 13466
1 13614
2 13466
2 13508
0 13559
0 13560
2 13550
3 13546
2 13592
3 13574
2 13633
0 13704
1 13827
0 13705
2 13676
0 13751
2 13716
2 13755
1 13958
0 13848
2 13794
1 13989
0 13891
1 13990
1 13991
1 13992
3 13774
3 13775
3 13776
3 13777
3 13778
0 13894
1 13997
0 13895
0 13896
2 13835
2 13873
0 13968
2 13912
0 13997
2 13950
0 14042
3 13921
0 14043
1 14155
1 14156
0 14044
1 14157
1 14158
2 13987
1 14200
0 14076
2 14024
0 14112
0 14113
3 13982
3 13983
1 14236
2 14061
1 14275
2 14097
1 14318
1 14321
2 14134
2 14170
2 14205
1 14430
2 14239
1 14473
0 14389
2 14270
0 14423
0 14424
0 14425
0 14426
1 14494
3 14299
3 14300
2 14301
3 14328
1 14517
2 14332
2 14361
2 14390
1 14594
2 14420
1 14621
2 14450
1 14639
1 14640
3 14453
2 14478
0 14598
0 14599
1 14659
0 14600
3 14473
1 14660
3 14474
2 14508
1 14681
0 14636
2 14534
2 14559
3 14537
3 14538
3 14539
0 14691
3 14540
2 14583
2 14609
0 14740
0 14741
1 14765
1 14766
1 14767
3 14577
2 14631
1 14791
1 14792
2 14652
