1 1042
0 1039
1 1074
1 1075
3 1076
2 1086
0 1076
2 1125
3 1117
1 1116
3 1118
3 1119
1 1117
1 1118
1 1119
3 1120
2 1126
0 1115
0 1155
2 1201
2 1202
2 1203
2 1204
1 1221
0 1197
2 1266
2 1267
2 1268
0 1242
0 1288
2 1340
1 1331
1 1332
1 1333
3 1299
0 1334
2 1391
1 1379
3 1355
2 1392
3 1356
3 1357
0 1380
3 1402
1 1423
0 1430
1 1480
3 1451
2 1501
1 1482
2 1502
0 1481
0 1531
3 1548
1 1578
3 1549
1 1579
3 1550
3 1551
2 1573
0 1581
2 1632
3 1608
2 1633
3 1609
0 1632
1 1676
0 1682
0 1732
0 1782
0 1832
3 1851
3 1852
0 1882
2 1917
1 1901
2 1918
3 1892
3 1893
1 1902
0 1932
3 1948
2 1982
1 1965
0 1981
2 2036
3 2001
0 2031
1 2071
0 2081
0 2130
0 2180
3 2231
0 2229
3 2276
2 2303
1 2261
0 2280
0 2330
3 2362
2 2396
3 2363
1 2344
0 2380
0 2430
3 2461
2 2489
2 2490
3 2462
3 2463
3 2464
0 2480
3 2518
3 2519
1 2471
2 2532
1 2472
3 2520
1 2473
2 2533
3 2521
2 2534
0 2530
2 2577
0 2580
0 2629
0 2679
2 2710
2 2711
2 2712
0 2729
3 2756
0 2779
3 2801
3 2802
1 2754
0 2830
0 2879
3 2935
2 2921
2 2922
1 2864
2 2923
1 2865
3 2936
0 2930
2 2986
2 2987
0 2979
2 3052
1 2983
0 3029
3 3098
0 3079
0 3129
1 3167
1 3168
0 3179
1 3198
1 3199
3 3244
2 3227
0 3229
2 3279
2 3280
2 3281
2 3282
3 3283
1 3260
1 3265
2 3287
1 3266
1 3267
0 3279
2 3344
3 3330
1 3321
0 3329
2 3387
3 3368
1 3366
3 3369
0 3380
3 3405
2 3427
3 3406
3 3407
1 3418
0 3430
3 3442
1 3466
3 3443
2 3464
0 3480
1 3523
2 3518
3 3494
2 3519
3 3495
2 3520
2 3521
0 3530
3 3533
3 3534
1 3548
0 3580
0 3630
3 3636
0 3680
0 3728
1 3771
0 3777
0 3826
2 3869
3 3842
1 3857
3 3843
3 3844
2 3870
1 3858
2 3871
1 3859
2 3873
1 3860
1 3861
3 3845
2 3875
0 3877
0 3920
2 4003
0 3972
1 4003
0 4022
1 4059
1 4060
3 4044
2 4089
1 4061
0 4072
0 4122
0 4172
3 4193
2 4248
0 4222
1 4269
0 4272
0 4322
2 4373
2 4374
0 4372
0 4422
3 4445
2 4475
2 4478
3 4447
2 4479
0 4475
0 4521
0 4571
0 4621
1 4667
2 4678
3 4612
0 4671
2 4750
1 4729
0 4721
3 4727
3 4728
3 4729
3 4730
2 4801
1 4773
2 4802
2 4803
1 4774
3 4731
0 4771
0 4821
1 4881
3 4835
1 4882
2 4930
2 4931
2 4932
3 4836
0 4871
3 4882
1 4919
2 4980
3 4883
2 4981
2 4982
2 4983
2 4984
3 4884
0 4921
0 4971
2 5095
1 5035
2 5096
3 5004
3 5005
2 5097
0 5021
1 5077
0 5071
1 5107
3 5078
1 5108
0 5120
2 5239
3 5135
3 5136
3 5137
1 5170
0 5170
2 5281
1 5221
3 5175
2 5282
2 5283
1 5222
2 5284
3 5176
3 5177
2 5285
3 5178
2 5286
2 5287
0 5220
3 5245
1 5289
3 5246
1 5290
3 5247
0 5270
3 5298
0 5320
2 5455
1 5402
1 5403
2 5456
2 5457
1 5404
1 5405
0 5370
1 5456
1 5457
1 5458
1 5459
2 5503
2 5504
0 5420
1 5514
0 5470
3 5492
0 5520
0 5570
0 5620
0 5670
2 5772
0 5721
3 5710
1 5819
1 5820
2 5818
2 5819
1 5821
2 5820
0 5771
2 5860
1 5853
0 5821
0 5871
0 5921
1 6003
0 5971
1 6067
3 5938
1 6068
3 5939
2 6061
1 6069
2 6062
3 5940
1 6070
3 5941
3 5942
0 6021
3 5993
0 6070
3 6046
1 6156
2 6157
2 6158
1 6157
0 6120
0 6170
2 6243
0 6219
3 6190
1 6298
2 6289
2 6290
0 6269
0 6319
0 6368
0 6418
0 6467
1 6534
1 6535
3 6427
0 6517
3 6483
3 6484
0 6566
0 6616
1 6684
1 6685
3 6574
1 6686
2 6657
2 6661
2 6664
3 6582
1 6695
1 6696
3 6583
0 6672
1 6745
0 6721
0 6770
1 6846
1 6847
2 6808
2 6809
2 6810
0 6820
3 6783
0 6863
0 6913
0 6963
0 7011
1 7100
0 7062
0 7112
1 7205
2 7139
3 7070
2 7141
0 7162
3 7122
2 7197
3 7123
3 7124
2 7198
3 7125
2 7199
2 7201
1 7264
1 7265
3 7127
2 7203
1 7266
2 7205
0 7217
2 7256
3 7171
3 7172
3 7173
1 7316
3 7174
1 7317
3 7175
0 7267
1 7364
3 7214
1 7365
2 7311
0 7317
3 7255
0 7364
2 7393
2 7394
3 7313
0 7414
1 7519
2 7461
2 7462
0 7464
2 7515
0 7514
0 7564
0 7613
3 7550
3 7551
2 7655
2 7656
2 7657
2 7658
2 7659
0 7663
0 7713
1 7813
3 7642
2 7762
1 7814
0 7763
2 7825
2 7826
2 7827
0 7813
1 7934
2 7889
1 7935
1 7936
1 7937
3 7786
0 7864
2 7957
0 7913
0 7962
1 8125
0 8012
3 7973
2 8129
0 8062
3 8025
3 8026
1 8219
1 8220
2 8164
3 8027
1 8221
2 8165
0 8112
2 8233
0 8162
3 8144
1 8338
3 8145
3 8146
2 8274
0 8212
1 8388
1 8389
2 8316
0 8262
2 8361
3 8233
3 8234
2 8362
0 8312
2 8415
2 8416
1 8475
0 8362
3 8327
3 8328
0 8412
3 8375
0 8462
1 8627
1 8628
2 8581
1 8629
3 8422
2 8582
1 8630
2 8583
2 8584
2 8585
0 8512
0 8562
2 8701
3 8547
2 8702
0 8612
1 8817
3 8614
0 8662
3 8651
2 8823
2 8824
3 8652
0 8712
3 8714
2 8881
2 8882
1 8926
0 8762
2 8942
2 8943
1 8991
1 8992
1 8993
3 8769
3 8770
2 8944
3 8771
0 8813
3 8808
1 9032
1 9033
0 8863
2 9018
0 8912
2 9060
1 9113
3 8881
2 9061
2 9062
2 9063
1 9114
1 9115
3 8882
0 8962
1 9152
3 8932
0 9012
1 9185
2 9166
2 9167
2 9168
2 9171
0 9062
0 9112
3 9098
3 9099
1 9313
3 9100
1 9314
1 9315
3 9101
2 9282
3 9102
3 9103
3 9104
2 9283
3 9105
2 9284
0 9162
1 9368
0 9211
0 9260
0 9308
1 9526
0 9357
0 9406
3 9395
1 9610
3 9396
1 9611
1 9612
1 9613
3 9397
1 9614
2 9565
3 9398
3 9399
0 9455
2 9598
3 9428
2 9599
2 9600
0 9504
3 9493
0 9553
1 9758
0 9602
0 9651
0 9699
0 9749
0 9798
2 9982
2 9983
2 9984
0 9847
2 10043
2 10044
3 9834
2 10045
3 9835
3 9836
2 10046
1 10068
2 10047
1 10069
3 9837
3 9838
3 9839
0 9896
0 9944
2 10124
1 10144
1 10145
3 9930
3 9931
2 10125
0 9993
3 9957
1 10173
1 10174
0 10042
0 10091
2 10235
1 10250
0 10140
0 10189
1 10346
3 10137
3 10138
1 10347
3 10139
3 10140
3 10141
1 10348
0 10238
0 10287
0 10336
1 10463
2 10440
2 10441
3 10253
2 10442
1 10464
2 10443
2 10444
2 10445
3 10254
1 10465
2 10446
3 10255
2 10448
1 10466
0 10386
2 10484
3 10306
1 10512
2 10485
3 10307
3 10308
0 10435
1 10568
1 10569
2 10535
2 10536
1 10570
0 10485
1 10618
3 10396
1 10619
3 10397
3 10398
1 10620
1 10621
2 10585
3 10399
1 10622
2 10586
1 10623
2 10587
1 10624
3 10400
3 10401
0 10534
1 10680
3 10438
1 10681
2 10628
0 10583
0 10632
1 10785
2 10747
2 10748
0 10679
0 10727
2 10854
0 10775
3 10662
1 10908
0 10824
0 10872
3 10764
1 11026
3 10765
0 10920
3 10827
0 10968
0 11016
2 11145
0 11064
0 11112
0 11160
2 11276
3 11065
2 11277
1 11316
0 11207
1 11356
2 11314
0 11254
0 11301
1 11474
0 11348
1 11521
0 11395
2 11495
1 11567
0 11442
1 11627
1 11628
3 11358
0 11489
2 11607
2 11608
2 11609
2 11610
3 11412
0 11536
0 11583
0 11630
2 11749
0 11677
0 11724
2 11837
0 11770
2 11876
0 11818
2 11922
2 11923
2 11924
0 11865
0 11910
2 12012
2 12013
3 11810
2 12014
2 12015
1 12021
1 12022
3 11811
1 12023
1 12024
2 12016
3 11812
2 12017
2 12018
3 11813
3 11814
2 12019
3 11815
3 11816
3 11817
0 11956
2 12056
1 12068
3 11860
3 11861
3 11862
1 12069
0 12002
0 12048
3 11965
1 12174
0 12096
3 12007
3 12008
2 12171
0 12142
1 12245
0 12187
0 12233
3 12148
0 12278
1 12382
3 12209
0 12324
3 12253
0 12370
0 12416
3 12348
0 12462
3 12395
0 12508
1 12649
1 12650
3 12441
3 12442
0 12554
3 12492
0 12599
1 12754
1 12755
2 12656
3 12539
3 12540
0 12645
1 12816
3 12599
1 12817
0 12691
1 12854
3 12649
1 12855
2 12745
2 12746
3 12650
0 12735
3 12687
2 12790
3 12688
0 12780
1 12936
3 12738
1 12937
2 12826
2 12827
0 12825
2 12872
1 12993
1 12994
0 12870
3 12828
1 13040
3 12830
2 12912
2 12913
2 12914
1 13045
1 13046
0 12915
1 13090
0 12958
0 13002
3 12958
1 13178
1 13179
2 13035
1 13180
2 13036
0 13046
2 13064
0 13089
0 13127
2 13146
1 13290
1 13291
3 13090
2 13149
1 13292
3 13091
0 13171
1 13324
1 13325
1 13326
3 13121
0 13214
2 13207
0 13258
3 13216
3 13217
3 13218
0 13301
0 13344
1 13508
0 13385
3 13344
0 13422
3 13369
2 13428
3 13400
2 13455
3 13441
3 13442
1 13644
3 13443
1 13645
0 13503
2 13497
3 13497
1 13695
1 13696
3 13498
0 13547
0 13548
0 13549
1 13697
1 13698
2 13539
2 13581
2 13622
2 13663
1 13856
3 13650
0 13736
0 13737
3 13651
1 13857
3 13652
2 13704
1 13899
0 13782
3 13694
3 13695
0 13783
2 13744
0 13834
2 13783
3 13758
2 13822
1 14019
0 13917
3 13792
3 13793
1 14020
0 13918
3 13794
3 13795
1 14021
2 13862
3 13848
1 14077
3 13849
3 13850
3 13851
1 14078
0 13957
0 13958
2 13899
2 13937
0 14032
2 13975
2 14012
2 14049
3 14024
1 14262
3 14025
2 14084
0 14191
1 14299
3 14075
0 14192
3 14076
3 14079
0 14193
0 14194
1 14302
1 14303
2 14121
3 14113
3 14114
2 14157
1 14371
3 14164
0 14274
1 14372
2 14193
0 14316
3 14210
0 14317
2 14226
3 14246
1 14455
0 14361
0 14362
2 14257
0 14408
0 14410
0 14411
3 14286
2 14289
0 14448
2 14320
3 14342
1 14534
1 14535
0 14466
3 14343
3 14344
2 14351
0 14489
1 14557
0 14490
2 14381
2 14411
1 14613
3 14428
1 14614
2 14439
2 14468
2 14497
0 14627
3 14486
1 14675
2 14525
2 14551
3 14530
1 14715
2 14574
1 14737
3 14558
2 14597
0 14735
2 14621
3 14586
1 14781
2 14643
1 14806
0 14779
0 14780
0 14781
1 14807
2 14665
3 14642
0 14806
0 14811
0 14812
2 14686
2 14704
2 14722
2 14739
1 14887
1 14888
1 14889
2 14751
3 14724
3 14725
2 14767
0 14902
3 14741
1 14924
2 14779
1 14932
3 14753
0 14905
0 14906
3 14754
3 14755
1 14933
3 14757
2 14791
0 14925
3 14769
3 14770
3 14771
2 14801
2 14812
2 14822
2 14830
3 14816
0 14967
1 14978
3 14819
3 14820
0 14969
1 14979
1 14980
2 14840
1 14985
0 14977
2 14849
0 14981
0 14982
1 14994
0 14983
1 14995
2 14858
1 15002
2 14867
0 14996
1 15004
3 14842
3 14843
2 14876
0 15001
3 14849
3 14850
2 14885
3 14858
2 14892
3 14865
3 14866
2 14899
2 14906
0 15021
2 14913
3 14882
2 14919
1 15040
0 15027
2 14924
2 14929
2 14933
0 15037
0 15038
1 15050
1 15051
0 15039
