2 1091
1 1081
3 1086
1 1082
0 1082
0 1122
1 1182
1 1183
2 1179
3 1179
2 1180
0 1161
2 1212
0 1204
2 1269
1 1258
1 1259
0 1250
2 1304
2 1305
2 1306
0 1296
3 1306
0 1342
1 1387
0 1389
3 1416
2 1456
2 1457
1 1437
0 1439
3 1459
2 1507
3 1460
3 1461
3 1462
1 1489
2 1508
2 1509
2 1510
1 1490
3 1463
3 1464
3 1465
2 1511
3 1466
1 1491
3 1467
3 1468
3 1470
0 1490
2 1537
2 1538
2 1539
1 1530
1 1531
0 1540
0 1590
0 1639
3 1656
0 1689
1 1712
3 1700
2 1726
2 1727
3 1701
0 1739
1 1748
0 1788
2 1830
2 1831
3 1811
1 1790
0 1838
1 1854
3 1866
2 1880
1 1855
0 1888
3 1897
2 1926
1 1908
1 1909
0 1938
2 1995
1 1981
0 1988
0 2038
2 2103
0 2087
0 2137
3 2190
3 2191
2 2214
3 2192
0 2187
2 2258
0 2237
1 2269
0 2287
2 2359
3 2329
1 2307
1 2308
2 2360
0 2337
0 2386
0 2436
2 2494
1 2434
3 2467
1 2435
0 2486
1 2481
3 2532
1 2482
2 2542
2 2543
0 2536
2 2578
0 2586
0 2636
3 2661
3 2662
0 2686
3 2710
2 2718
2 2719
3 2711
1 2671
2 2720
3 2712
2 2721
2 2722
3 2713
0 2736
1 2713
1 2714
1 2715
3 2761
1 2716
0 2786
2 2808
1 2758
0 2836
1 2828
0 2886
3 2942
0 2936
3 3004
1 2914
3 3005
0 2986
0 3036
2 3106
2 3107
3 3103
0 3086
2 3159
0 3136
3 3215
0 3184
0 3233
2 3294
2 3295
2 3296
0 3283
3 3334
1 3326
1 3328
3 3337
3 3338
0 3334
1 3369
0 3384
2 3429
2 3430
0 3434
0 3484
0 3534
2 3577
0 3584
3 3591
2 3617
0 3634
0 3682
0 3731
0 3781
3 3789
3 3790
0 3831
2 3879
0 3878
0 3926
2 4014
2 4015
3 3971
0 3976
0 4026
0 4076
2 4134
2 4135
2 4136
0 4126
3 4140
1 4153
3 4141
1 4154
3 4142
1 4155
2 4188
3 4143
1 4156
0 4176
1 4211
0 4225
3 4243
0 4275
2 4341
1 4317
1 4318
1 4319
0 4325
0 4375
1 4418
1 4419
1 4420
2 4422
0 4425
0 4473
2 4542
1 4538
0 4523
2 4586
3 4525
3 4526
1 4582
0 4573
1 4632
2 4639
1 4633
2 4640
2 4642
1 4635
0 4623
0 4673
1 4731
1 4732
1 4733
0 4723
3 4732
2 4804
1 4775
0 4774
2 4872
1 4834
2 4873
2 4874
0 4824
2 4934
3 4838
1 4883
0 4874
3 4888
3 4889
0 4925
1 4984
3 4958
3 4959
1 4985
0 4975
1 5036
2 5100
2 5101
1 5037
1 5038
0 5025
3 5040
1 5078
1 5079
2 5143
1 5080
0 5075
2 5179
2 5180
0 5125
2 5240
2 5241
3 5139
1 5172
0 5175
2 5298
1 5239
3 5190
0 5224
1 5301
3 5249
3 5250
1 5302
0 5274
1 5357
0 5324
2 5463
2 5464
0 5374
1 5461
2 5508
3 5400
1 5462
2 5509
3 5401
0 5424
3 5442
1 5516
0 5475
1 5590
1 5591
0 5525
3 5531
3 5532
0 5575
1 5683
3 5575
3 5576
1 5684
3 5577
3 5578
1 5685
0 5626
1 5725
2 5725
2 5727
2 5729
2 5731
0 5675
0 5725
1 5823
3 5712
2 5824
3 5713
2 5825
0 5776
1 5855
1 5856
2 5863
1 5857
3 5744
3 5745
2 5864
1 5858
3 5746
0 5826
2 5903
2 5904
0 5876
0 5926
1 6005
1 6006
2 6015
1 6007
3 5898
1 6008
1 6009
2 6016
3 5899
3 5900
2 6017
0 5976
0 6026
0 6076
0 6126
2 6204
0 6176
2 6248
0 6227
1 6304
1 6305
1 6306
2 6299
1 6307
0 6277
3 6256
0 6327
0 6377
3 6351
0 6428
0 6478
1 6545
2 6545
0 6528
3 6492
2 6584
3 6493
3 6494
0 6578
3 6547
0 6628
2 6675
0 6676
2 6721
1 6747
3 6640
0 6725
2 6768
2 6769
3 6695
0 6775
0 6824
3 6788
2 6874
0 6876
2 6919
0 6925
0 6970
0 7015
1 7104
1 7105
3 6991
1 7106
2 7075
3 6992
0 7065
3 7034
0 7114
0 7160
3 7120
2 7196
1 7263
0 7210
3 7164
2 7249
1 7306
1 7307
2 7250
3 7166
2 7251
2 7252
0 7261
1 7362
2 7309
0 7311
2 7347
1 7410
3 7253
2 7350
3 7258
1 7414
1 7415
3 7259
3 7260
3 7261
0 7366
2 7396
2 7398
2 7399
3 7315
2 7400
0 7418
0 7468
0 7518
0 7568
3 7512
0 7618
3 7556
2 7667
0 7668
0 7716
3 7647
2 7763
0 7768
3 7727
3 7728
0 7818
2 7898
2 7899
2 7900
1 7945
2 7901
0 7867
1 8013
1 8014
0 7917
1 8074
2 8028
0 7967
2 8068
0 8017
2 8134
1 8176
0 8067
1 8225
1 8226
3 8032
2 8173
2 8174
2 8175
2 8176
1 8227
0 8117
3 8101
2 8242
0 8167
2 8279
2 8280
0 8217
3 8197
2 8324
1 8395
2 8325
1 8396
2 8326
0 8267
3 8242
2 8366
3 8243
1 8423
0 8317
3 8290
0 8368
2 8464
2 8465
2 8466
2 8467
3 8331
2 8468
3 8332
3 8333
3 8334
0 8418
2 8527
2 8528
1 8575
0 8468
0 8518
2 8661
0 8568
2 8707
3 8552
2 8708
3 8553
0 8618
1 8821
1 8822
0 8668
2 8825
1 8864
2 8826
3 8654
3 8655
2 8827
0 8718
3 8720
3 8721
2 8890
1 8934
3 8722
1 8935
3 8723
1 8936
2 8891
0 8768
1 8998
2 8951
1 8999
1 9000
3 8775
2 8952
1 9002
0 8818
0 8868
1 9078
1 9079
0 8917
2 9070
2 9071
3 8888
0 8967
1 9155
1 9156
2 9125
1 9157
2 9126
3 8941
1 9158
2 9127
0 9017
1 9192
3 8983
0 9067
1 9263
2 9225
2 9226
2 9227
3 9053
1 9264
0 9117
0 9167
1 9369
0 9215
0 9264
0 9313
0 9362
0 9410
2 9567
2 9568
3 9404
1 9618
2 9569
3 9405
2 9570
0 9459
2 9602
1 9664
0 9508
0 9557
3 9542
2 9704
0 9606
3 9566
1 9798
2 9744
2 9745
3 9567
1 9799
2 9746
0 9654
2 9799
0 9703
3 9671
3 9672
2 9855
3 9673
0 9752
1 9955
2 9921
2 9922
2 9923
0 9801
1 10003
0 9850
2 10050
0 9899
0 9948
1 10149
0 9997
3 9962
0 10046
3 10000
3 10001
2 10190
2 10191
0 10095
0 10144
2 10272
1 10294
1 10295
1 10296
0 10193
2 10315
0 10242
3 10181
1 10393
1 10394
0 10291
0 10340
1 10469
3 10258
1 10470
3 10259
2 10451
0 10389
3 10314
1 10517
0 10438
1 10571
1 10572
2 10540
0 10487
0 10535
3 10439
1 10682
2 10629
3 10440
1 10683
1 10684
3 10441
2 10634
3 10442
1 10687
3 10443
0 10585
1 10744
0 10634
2 10749
2 10750
0 10682
2 10795
2 10796
0 10730
0 10778
2 10895
1 10909
1 10910
1 10911
0 10825
0 10873
1 11027
1 11028
2 10981
3 10766
2 10982
0 10921
0 10969
0 11017
1 11177
2 11146
3 10932
0 11065
3 10982
3 10983
0 11113
2 11235
0 11161
1 11317
1 11318
3 11067
3 11068
3 11069
3 11070
3 11071
0 11209
2 11320
2 11321
0 11257
3 11175
3 11176
0 11304
1 11479
3 11224
1 11480
1 11481
3 11225
3 11226
1 11482
1 11483
1 11484
0 11352
2 11453
3 11267
3 11268
0 11399
0 11446
1 11631
3 11365
3 11366
3 11367
3 11368
3 11369
1 11632
0 11493
0 11540
3 11458
0 11587
3 11509
0 11635
0 11681
3 11600
1 11839
3 11601
3 11602
0 11729
2 11841
3 11634
0 11776
3 11671
0 11823
3 11715
3 11716
1 11941
2 11926
0 11870
0 11916
1 12027
3 11825
0 11962
3 11868
0 12008
3 11915
1 12129
3 11916
0 12054
1 12178
0 12100
0 12146
3 12055
3 12056
0 12191
0 12236
2 12288
3 12155
3 12156
3 12157
2 12289
3 12158
3 12159
3 12160
2 12290
3 12161
1 12334
3 12162
3 12163
3 12164
0 12282
0 12328
1 12424
0 12373
1 12482
2 12439
0 12419
1 12534
0 12465
2 12520
0 12510
0 12556
2 12612
1 12705
1 12706
3 12499
2 12613
1 12707
2 12614
0 12602
3 12544
3 12545
0 12647
0 12693
2 12748
0 12738
0 12783
3 12742
1 12942
1 12946
3 12747
2 12831
0 12828
3 12787
2 12874
3 12788
1 12996
1 12997
2 12875
2 12876
0 12873
1 13049
0 12918
2 12956
1 13095
1 13096
3 12869
2 12957
1 13097
2 12958
0 12962
1 13140
2 12995
0 13006
3 12960
1 13181
0 13050
2 13067
0 13093
0 13129
2 13147
2 13148
0 13170
2 13168
3 13120
0 13213
3 13164
0 13254
2 13246
2 13247
2 13248
1 13404
1 13405
3 13207
2 13250
2 13251
2 13252
2 13254
0 13298
0 13341
1 13503
0 13383
0 13419
2 13425
3 13390
3 13391
2 13446
3 13436
0 13494
1 13634
0 13496
1 13635
1 13636
0 13497
2 13488
0 13541
2 13529
3 13535
3 13536
2 13571
2 13611
3 13596
1 13816
3 13597
2 13652
1 13843
1 13844
2 13693
2 13733
3 13727
1 13935
2 13773
0 13872
2 13812
2 13849
3 13831
3 13832
2 13888
2 13926
1 14136
3 13908
2 13963
3 13929
0 14056
0 14057
0 14058
2 14000
3 13959
1 14210
1 14211
0 14088
2 14037
0 14130
2 14072
3 14061
2 14108
0 14212
2 14144
0 14252
0 14253
2 14179
0 14305
1 14401
3 14196
0 14306
1 14402
2 14214
0 14348
3 14234
3 14235
2 14246
3 14272
1 14477
1 14478
0 14396
3 14273
1 14479
3 14274
3 14275
3 14276
3 14277
2 14278
0 14437
0 14438
0 14439
1 14499
2 14309
0 14459
2 14339
3 14361
1 14549
1 14550
0 14484
1 14552
0 14486
3 14362
2 14371
1 14578
0 14510
0 14511
0 14512
0 14514
2 14402
2 14431
1 14630
1 14634
0 14562
3 14449
3 14450
3 14451
2 14462
0 14584
1 14652
1 14653
0 14585
0 14586
2 14491
2 14518
0 14645
1 14689
1 14690
0 14646
2 14545
1 14713
2 14570
2 14593
3 14572
2 14617
1 14773
1 14775
3 14580
0 14746
1 14776
3 14581
3 14582
1 14777
0 14747
3 14583
0 14748
3 14584
1 14778
1 14780
2 14642
2 14664
3 14640
3 14641
0 14805
1 14830
2 14684
3 14657
1 14851
3 14658
1 14852
0 14827
0 14828
3 14659
3 14660
3 14661
1 14856
1 14857
2 14705
1 14866
1 14867
0 14852
2 14723
2 14740
0 14876
0 14878
2 14753
2 14766
2 14778
1 14934
2 14790
2 14802
3 14779
2 14813
1 14963
3 14793
0 14948
1 14964
1 14965
2 14824
0 14960
0 14961
1 14971
3 14804
3 14805
1 14972
3 14806
0 14963
3 14810
3 14811
1 14973
2 14834
0 14971
0 14972
3 14822
3 14823
2 14842
3 14827
2 14850
3 14836
3 14837
3 14838
3 14839
0 14984
2 14861
3 14840
2 14870
2 14879
0 15003
2 14886
1 15015
1 15016
1 15017
3 14859
2 14894
2 14900
3 14870
1 15023
3 14871
1 15024
0 15012
0 15013
1 15025
0 15016
2 14909
3 14877
0 15022
1 15030
0 15023
3 14878
1 15031
1 15032
3 14879
2 14916
1 15036
1 15037
2 14922
2 14927
2 14931
3 14890
0 15033
1 15047
0 15034
3 14891
1 15048
0 15035
0 15036
1 15054
0 15040
0 15041
1 15055
2 14939
0 15043
1 15056
3 14899
2 14945
1 15060
3 14900
1 15061
3 14901
2 14946
3 14902
2 14947
1 15062
2 14948
2 14949
1 15063
3 14903
0 15044
2 14950
3 14904
3 14905
0 15045
1 15064
1 15065
3 14906
3 14907
0 15046
2 14951
3 14908
2 14952
1 15066
3 14909
3 14910
0 15047
1 15067
3 14911
0 15048
2 14953
2 14954
3 14912
3 14913
1 15068
3 14914
3 14915
2 14955
3 14916
3 14917
1 15069
0 15049
3 14918
2 14956
3 14919
2 14957
3 14920
0 15050
