0 1137
3 1189
0 1178
0 1222
0 1268
2 1325
0 1314
1 1351
0 1360
3 1387
0 1409
0 1459
1 1508
3 1489
0 1509
1 1552
0 1559
2 1605
1 1599
0 1609
1 1651
2 1652
0 1658
3 1669
2 1694
1 1691
1 1692
2 1695
1 1693
3 1670
3 1671
0 1709
2 1747
0 1758
0 1808
2 1845
1 1815
0 1859
2 1895
2 1896
1 1876
0 1909
0 1959
2 2010
2 2011
3 1979
0 2009
1 2055
0 2059
3 2095
3 2096
3 2097
1 2112
1 2113
0 2109
0 2158
0 2208
3 2256
1 2242
2 2281
0 2257
3 2296
3 2297
0 2308
1 2323
2 2373
0 2358
3 2394
1 2372
0 2408
0 2458
1 2452
0 2508
0 2559
2 2594
1 2545
2 2595
0 2608
1 2580
2 2646
3 2621
2 2647
3 2622
0 2658
1 2645
3 2689
1 2647
1 2648
1 2649
1 2650
1 2651
1 2652
0 2709
0 2759
1 2739
0 2809
0 2859
1 2845
1 2846
1 2847
0 2910
1 2885
1 2886
0 2960
0 3010
2 3082
0 3060
2 3121
2 3122
1 3059
1 3060
1 3061
3 3126
1 3062
1 3063
3 3127
3 3128
1 3064
2 3123
0 3110
1 3140
3 3186
0 3160
0 3210
1 3235
1 3236
1 3237
3 3268
3 3269
0 3260
2 3321
3 3311
1 3297
0 3310
0 3360
0 3410
1 3444
1 3445
1 3446
0 3459
2 3492
0 3509
2 3556
2 3557
2 3558
3 3520
2 3559
1 3535
1 3536
2 3560
1 3537
1 3538
0 3559
1 3574
2 3594
2 3595
1 3575
3 3562
3 3563
2 3596
2 3597
1 3576
3 3564
2 3598
1 3577
1 3578
3 3565
1 3579
0 3610
3 3615
2 3623
3 3616
2 3624
1 3623
2 3625
0 3660
2 3684
0 3710
1 3747
1 3748
3 3731
2 3748
0 3762
2 3800
2 3801
3 3771
0 3812
3 3823
1 3845
1 3846
2 3856
1 3848
1 3849
3 3831
1 3853
0 3865
3 3882
3 3883
0 3908
2 3985
3 3938
3 3939
1 3938
3 3940
1 3939
1 3940
2 3986
1 3941
1 3942
0 3958
3 3992
3 3993
3 3994
3 3995
1 3991
1 3992
0 4008
2 4076
1 4049
3 4032
0 4058
0 4108
0 4158
0 4207
1 4249
2 4283
0 4257
3 4272
0 4307
2 4361
0 4358
0 4408
0 4458
1 4516
2 4523
1 4523
0 4506
0 4556
2 4620
3 4562
2 4622
3 4565
3 4566
0 4606
3 4601
3 4602
2 4668
0 4655
1 4709
0 4704
2 4782
3 4719
0 4754
3 4778
0 4805
2 4905
0 4855
2 4965
2 4966
2 4967
0 4905
0 4955
3 4990
3 4991
1 5023
0 5005
0 5055
0 5104
3 5112
1 5152
2 5213
3 5113
2 5214
1 5153
1 5154
3 5114
3 5115
2 5221
0 5155
1 5204
1 5205
2 5266
2 5267
2 5268
2 5269
3 5161
1 5206
0 5204
0 5254
3 5286
1 5341
2 5388
3 5287
2 5389
1 5342
3 5288
0 5305
2 5447
3 5332
0 5355
1 5439
1 5440
2 5491
0 5405
3 5426
2 5541
2 5542
0 5454
1 5567
1 5568
3 5477
0 5504
0 5554
1 5659
2 5678
1 5660
2 5679
3 5558
0 5604
2 5708
0 5654
1 5767
1 5768
2 5752
0 5704
2 5806
2 5807
0 5754
0 5804
2 5883
0 5854
1 5930
3 5834
3 5835
2 5933
0 5904
2 5987
2 5989
1 5986
0 5954
3 5919
3 5920
3 5921
3 5922
2 6043
3 5923
1 6038
2 6044
3 5924
0 6004
2 6092
0 6054
0 6104
0 6154
1 6231
2 6227
3 6128
0 6204
2 6268
1 6281
2 6269
0 6254
2 6324
0 6304
1 6372
0 6353
2 6403
1 6408
0 6403
1 6475
3 6366
1 6476
1 6477
1 6480
3 6369
0 6449
3 6412
1 6519
3 6413
3 6414
2 6508
2 6509
1 6520
2 6510
0 6499
0 6549
1 6619
2 6605
2 6606
3 6518
1 6620
3 6519
0 6599
0 6649
2 6696
0 6697
2 6741
3 6666
1 6773
0 6745
0 6793
3 6752
3 6753
1 6870
0 6839
3 6798
1 6912
0 6888
0 6938
0 6984
1 7075
3 6969
2 7043
0 7035
2 7086
3 7015
1 7126
1 7127
2 7089
3 7017
3 7018
0 7087
3 7052
2 7121
0 7137
2 7176
2 7177
2 7178
3 7106
0 7188
1 7290
1 7291
2 7228
0 7239
1 7343
0 7289
0 7339
0 7389
0 7439
3 7390
3 7391
2 7494
2 7495
3 7392
1 7545
2 7496
1 7546
0 7489
1 7583
3 7419
3 7420
0 7539
3 7477
2 7583
3 7478
2 7584
0 7588
2 7628
1 7679
0 7638
3 7576
1 7733
0 7687
3 7610
2 7736
0 7737
2 7793
0 7787
1 7904
0 7837
3 7807
1 7964
2 7923
1 7965
2 7924
2 7925
1 7966
1 7967
2 7926
1 7968
2 7927
2 7928
0 7887
1 8038
1 8039
2 7988
3 7871
3 7872
2 7989
0 7937
1 8096
0 7987
3 7953
0 8038
0 8088
0 8138
0 8188
3 8163
1 8364
3 8164
2 8293
0 8238
0 8288
1 8450
0 8338
3 8301
2 8434
0 8388
2 8492
1 8541
0 8437
2 8553
3 8403
2 8554
2 8555
2 8556
2 8557
3 8405
1 8607
0 8489
1 8668
0 8539
2 8687
1 8728
3 8520
1 8729
3 8521
2 8688
1 8730
1 8731
3 8522
0 8589
0 8639
0 8689
1 8889
0 8739
1 8958
2 8907
2 8908
1 8959
1 8960
1 8961
1 8962
3 8738
0 8790
0 8840
1 9054
0 8890
2 9033
2 9034
2 9035
2 9036
2 9037
2 9038
0 8940
0 8990
3 8959
1 9168
2 9140
2 9141
3 8960
2 9142
3 8961
0 9040
2 9204
3 9024
3 9025
2 9208
1 9231
1 9232
0 9092
2 9254
2 9255
1 9290
0 9142
3 9128
1 9342
2 9310
3 9129
2 9311
0 9192
3 9180
3 9181
1 9391
3 9182
2 9362
0 9241
3 9235
2 9409
3 9237
1 9438
3 9238
0 9290
3 9281
1 9481
1 9482
2 9448
2 9449
2 9450
3 9282
1 9483
3 9283
2 9451
2 9452
1 9484
3 9284
0 9339
3 9346
3 9347
1 9559
3 9348
1 9560
1 9561
1 9562
2 9511
1 9563
1 9564
0 9388
2 9541
1 9597
1 9598
0 9437
0 9486
3 9478
3 9479
2 9643
2 9644
1 9697
2 9645
0 9536
3 9517
3 9518
3 9519
2 9681
0 9585
1 9782
1 9783
0 9634
3 9589
3 9590
0 9682
1 9878
2 9827
3 9645
1 9879
0 9731
0 9780
1 9985
1 9986
0 9829
0 9878
3 9862
3 9863
0 9927
3 9911
0 9976
0 10025
0 10074
1 10235
3 10028
2 10218
2 10219
3 10029
1 10236
1 10237
1 10238
1 10239
3 10030
2 10220
2 10221
3 10031
3 10032
2 10222
3 10033
2 10225
2 10226
3 10034
1 10242
1 10243
2 10227
2 10228
3 10035
1 10244
2 10229
1 10245
2 10230
2 10231
3 10039
3 10040
2 10232
3 10041
0 10126
3 10074
3 10075
1 10272
2 10258
2 10259
3 10076
1 10273
1 10274
2 10260
1 10275
1 10276
2 10261
0 10175
1 10327
2 10300
1 10328
0 10224
3 10173
0 10273
0 10322
0 10371
3 10292
2 10473
3 10293
3 10294
2 10474
0 10419
0 10468
1 10607
2 10573
3 10377
3 10378
1 10608
0 10518
0 10567
2 10665
2 10666
2 10667
1 10722
2 10668
3 10478
1 10723
1 10724
1 10725
2 10669
1 10726
3 10479
1 10727
0 10616
0 10664
3 10555
3 10556
3 10557
1 10807
1 10808
1 10809
0 10712
1 10869
3 10606
2 10848
0 10760
1 10900
1 10901
0 10808
3 10700
0 10856
0 10904
1 11062
1 11063
1 11064
0 10951
2 11087
2 11088
0 10999
3 10905
0 11047
0 11095
1 11262
0 11143
1 11295
2 11254
1 11296
1 11297
3 11045
3 11046
1 11298
2 11255
1 11299
2 11256
3 11047
1 11300
3 11048
2 11257
0 11191
2 11300
3 11092
3 11093
0 11239
0 11286
2 11406
0 11332
0 11379
3 11291
2 11483
2 11484
1 11554
3 11292
3 11293
2 11485
2 11486
2 11487
1 11555
3 11294
0 11426
1 11606
3 11343
1 11607
0 11473
3 11392
2 11590
2 11591
3 11393
0 11520
1 11700
2 11636
1 11701
2 11637
1 11702
2 11638
3 11443
2 11639
2 11640
1 11703
2 11641
1 11704
1 11705
0 11567
2 11684
1 11740
2 11685
0 11614
1 11781
0 11661
1 11817
3 11583
1 11818
1 11819
0 11708
3 11617
0 11755
3 11650
0 11801
3 11701
1 11927
2 11909
1 11928
0 11848
2 11957
3 11746
1 11970
3 11747
2 11958
0 11894
1 12014
2 12004
1 12015
2 12005
3 11797
0 11940
3 11844
1 12052
0 11986
3 11885
0 12033
2 12120
1 12158
1 12159
3 11940
3 11941
2 12121
3 11942
3 11943
3 11944
3 11945
3 11946
3 11949
0 12079
3 11991
0 12125
1 12233
3 12043
3 12044
0 12170
0 12216
0 12262
3 12192
2 12323
0 12308
3 12235
0 12354
1 12456
1 12457
2 12407
2 12408
2 12409
1 12458
1 12459
2 12410
2 12411
3 12289
0 12401
1 12520
0 12447
3 12377
1 12562
3 12378
2 12496
2 12497
2 12498
2 12499
2 12500
0 12493
2 12553
0 12538
2 12588
2 12589
0 12584
0 12630
1 12795
3 12586
3 12587
1 12796
0 12675
3 12636
2 12735
0 12721
1 12883
3 12673
0 12766
3 12725
2 12813
0 12811
0 12856
0 12901
2 12943
1 13071
1 13072
1 13073
2 12944
1 13074
0 12946
3 12893
3 12894
1 13124
3 12895
2 12980
0 12989
0 13033
1 13199
3 12986
3 12987
2 13054
3 12988
1 13200
1 13201
2 13055
0 13077
2 13096
0 13121
1 13281
0 13162
1 13320
0 13205
3 13155
0 13247
0 13287
1 13431
2 13287
1 13432
0 13330
1 13490
1 13491
2 13333
3 13286
2 13335
2 13337
2 13339
3 13290
3 13291
1 13501
3 13292
1 13502
0 13381
1 13546
2 13390
0 13424
3 13370
2 13429
3 13402
3 13403
3 13404
1 13601
0 13465
3 13417
1 13613
3 13420
1 13619
1 13620
2 13465
0 13515
0 13516
1 13654
0 13517
1 13655
0 13518
3 13457
2 13507
2 13549
0 13600
3 13544
3 13545
2 13591
2 13632
2 13673
1 13871
0 13746
1 13872
3 13658
3 13659
2 13713
0 13790
0 13791
2 13753
1 13955
0 13846
1 13956
0 13847
1 13957
2 13792
3 13768
3 13769
1 13987
3 13770
3 13771
2 13831
3 13810
2 13870
2 13908
1 14118
0 13993
0 13994
0 13995
3 13892
2 13946
2 13983
2 14020
0 14107
3 13976
2 14057
1 14269
1 14270
3 14035
3 14036
1 14271
2 14093
3 14092
1 14312
3 14093
2 14129
0 14223
2 14165
2 14200
2 14234
0 14373
0 14374
1 14466
0 14375
3 14258
3 14259
2 14265
2 14295
2 14325
2 14355
0 14492
0 14493
1 14559
2 14385
0 14525
3 14410
2 14415
0 14552
2 14444
0 14565
0 14566
0 14567
2 14473
1 14657
2 14502
2 14529
1 14696
3 14506
1 14699
1 14700
1 14701
2 14557
0 14690
3 14536
2 14581
2 14604
2 14627
1 14785
1 14786
2 14649
3 14616
3 14617
3 14618
2 14670
0 14814
0 14815
1 14834
1 14835
2 14689
0 14831
2 14708
1 14869
1 14870
3 14679
3 14680
1 14871
2 14727
0 14868
0 14869
3 14693
0 14870
2 14743
1 14894
3 14711
3 14716
3 14718
3 14719
3 14720
3 14721
2 14758
1 14907
3 14728
3 14729
3 14730
3 14731
0 14889
3 14733
3 14734
1 14909
2 14772
1 14928
0 14903
2 14784
0 14913
0 14914
0 14915
3 14762
1 14941
2 14797
2 14807
3 14787
1 14960
0 14946
3 14788
2 14817
1 14967
0 14952
0 14953
2 14826
0 14964
3 14814
0 14966
2 14837
3 14824
1 14983
0 14973
2 14846
3 14832
1 14992
2 14855
0 14989
2 14864
0 14993
0 14994
1 15003
0 14995
2 14875
3 14846
3 14847
1 15010
0 15000
1 15011
3 14848
2 14883
1 15014
2 14890
0 15008
0 15009
2 14895
3 14868
2 14901
0 15014
2 14907
1 15028
2 14914
