2 1422
3 1398
3 1399
1 1416
2 1423
2 1424
2 1425
2 1426
2 1427
2 1428
1 1417
0 1421
0 1471
0 1521
3 1544
2 1563
3 1545
0 1570
0 1619
3 1641
1 1663
2 1663
2 1664
2 1665
1 1664
3 1642
1 1665
0 1669
1 1700
0 1719
1 1735
0 1769
3 1782
3 1783
2 1809
3 1784
1 1779
2 1810
0 1819
1 1823
1 1824
0 1869
3 1881
1 1880
2 1898
1 1881
2 1899
0 1919
1 1951
1 1952
3 1936
1 1953
0 1969
2 2020
2 2021
2 2022
0 2019
1 2061
3 2049
3 2050
0 2069
0 2118
3 2148
2 2181
2 2182
2 2183
3 2149
2 2184
1 2161
2 2185
3 2150
0 2168
1 2202
2 2241
2 2242
3 2220
3 2221
0 2218
3 2263
3 2264
2 2291
3 2265
1 2250
3 2266
3 2267
1 2251
1 2252
1 2253
0 2269
0 2319
0 2369
3 2410
3 2411
0 2418
0 2468
3 2502
2 2518
0 2518
0 2568
2 2609
0 2618
1 2588
0 2668
3 2693
1 2659
3 2694
3 2695
0 2718
2 2746
2 2750
3 2739
3 2740
3 2741
2 2751
2 2752
3 2742
2 2753
3 2743
0 2769
1 2746
0 2819
2 2850
2 2851
2 2852
0 2869
0 2919
2 2966
2 2967
0 2969
1 2968
2 3040
0 3018
1 3009
0 3070
1 3093
1 3094
3 3140
1 3095
1 3096
3 3141
1 3097
2 3146
0 3120
3 3199
3 3200
2 3184
2 3185
3 3201
1 3153
1 3154
1 3155
2 3186
1 3156
1 3157
3 3202
1 3158
2 3187
1 3159
1 3160
1 3161
3 3203
1 3162
0 3170
3 3235
3 3236
1 3189
0 3220
3 3276
3 3277
3 3278
2 3269
0 3270
3 3324
0 3320
0 3370
0 3420
2 3457
3 3435
0 3470
2 3500
0 3520
3 3524
2 3564
2 3565
2 3566
2 3567
3 3526
1 3542
0 3570
2 3604
3 3577
1 3587
0 3620
3 3626
3 3627
2 3636
0 3670
0 3720
1 3755
1 3756
2 3756
0 3770
0 3820
3 3832
3 3833
1 3854
2 3863
2 3864
1 3855
0 3871
2 3934
0 3915
3 3947
3 3948
3 3949
3 3950
3 3951
1 3948
0 3965
1 4001
0 4015
0 4065
2 4117
1 4096
3 4073
1 4097
0 4115
3 4126
2 4178
0 4166
2 4239
2 4240
3 4186
2 4241
0 4215
1 4255
3 4236
1 4256
3 4237
0 4265
0 4315
3 4312
2 4366
1 4360
2 4367
3 4313
3 4314
1 4361
2 4368
2 4369
0 4365
1 4405
1 4406
2 4410
1 4408
3 4358
3 4360
1 4409
1 4412
2 4413
3 4363
1 4413
1 4414
3 4364
3 4365
3 4368
2 4419
0 4419
2 4469
2 4470
2 4471
3 4441
2 4472
2 4473
1 4484
1 4485
1 4486
3 4442
1 4487
2 4474
0 4469
1 4532
0 4515
1 4577
3 4521
0 4565
1 4626
0 4613
0 4663
1 4721
2 4735
1 4722
2 4736
0 4713
1 4765
0 4763
2 4864
0 4813
1 4867
2 4920
0 4863
3 4876
3 4877
3 4878
0 4914
3 4946
2 5029
0 4964
1 5031
2 5086
0 5013
3 5030
0 5063
1 5099
0 5113
1 5165
2 5233
3 5130
0 5163
3 5167
3 5168
3 5169
1 5215
1 5216
2 5278
0 5213
2 5344
0 5263
3 5293
2 5393
2 5394
2 5395
1 5350
1 5351
2 5396
3 5294
1 5352
0 5314
3 5334
3 5335
0 5364
0 5414
1 5507
3 5440
3 5441
0 5464
0 5514
2 5653
2 5654
3 5524
0 5564
2 5686
0 5614
0 5664
0 5714
3 5709
1 5814
1 5815
1 5816
0 5764
2 5855
3 5737
2 5856
0 5814
1 5888
2 5894
0 5864
0 5913
2 6001
2 6002
2 6003
1 5992
3 5893
2 6004
2 6005
0 5963
0 6013
0 6063
0 6112
3 6087
2 6193
2 6194
0 6162
2 6232
2 6233
0 6212
0 6262
2 6339
2 6340
0 6312
1 6379
3 6285
0 6362
0 6412
2 6474
0 6460
0 6509
1 6577
3 6468
2 6565
3 6469
1 6578
0 6559
1 6631
2 6617
3 6531
2 6620
3 6532
1 6636
3 6533
3 6534
3 6535
0 6612
2 6652
1 6679
2 6653
1 6680
3 6568
1 6681
2 6654
1 6682
0 6662
2 6709
3 6626
1 6732
1 6733
1 6734
3 6627
2 6710
3 6628
2 6711
0 6712
2 6760
1 6793
0 6762
1 6835
2 6801
3 6723
1 6836
0 6812
2 6863
3 6781
2 6870
0 6870
3 6831
3 6832
2 6911
0 6921
2 6965
1 7002
3 6882
3 6883
2 6970
2 6977
1 7014
2 6985
0 6979
1 7070
2 7038
3 6964
3 6965
3 6966
2 7039
3 6968
2 7041
2 7042
0 7033
1 7123
1 7124
3 7013
0 7083
2 7118
0 7132
1 7230
1 7231
1 7232
3 7096
0 7178
3 7138
1 7279
1 7280
2 7223
1 7284
1 7285
1 7286
1 7287
0 7228
0 7278
2 7321
2 7325
0 7328
2 7363
3 7273
2 7367
1 7428
3 7278
1 7429
0 7378
2 7410
3 7326
1 7471
3 7327
2 7411
2 7412
2 7413
2 7414
3 7328
3 7329
0 7428
1 7532
0 7478
0 7528
1 7618
2 7570
0 7578
1 7663
2 7617
2 7618
1 7664
2 7619
2 7620
3 7518
0 7628
3 7564
2 7678
3 7565
2 7679
3 7566
3 7567
3 7569
3 7570
0 7679
0 7729
1 7830
3 7663
0 7779
1 7892
0 7828
2 7911
0 7878
3 7867
3 7868
2 7980
2 7981
3 7869
1 8033
0 7928
1 8087
1 8088
0 7978
0 8027
0 8076
1 8239
3 8041
2 8185
2 8186
0 8126
2 8245
1 8299
0 8175
1 8345
2 8285
3 8156
1 8346
0 8225
3 8207
0 8276
3 8255
1 8435
0 8325
0 8375
2 8476
2 8477
1 8529
0 8425
3 8385
2 8539
2 8540
1 8587
3 8387
2 8541
3 8388
3 8389
2 8542
2 8543
0 8476
1 8655
3 8441
1 8656
0 8526
3 8501
2 8672
3 8502
3 8503
2 8673
1 8712
3 8504
1 8713
3 8505
0 8576
1 8769
1 8773
2 8715
3 8571
2 8716
3 8572
2 8717
2 8718
3 8573
3 8574
2 8719
2 8720
1 8774
0 8627
0 8677
3 8662
2 8834
0 8727
2 8894
2 8895
1 8942
0 8777
3 8782
0 8827
0 8877
0 8927
3 8903
0 8977
3 8953
2 9133
3 8954
2 9134
1 9163
1 9164
0 9027
1 9217
3 8999
2 9197
1 9218
0 9077
1 9277
2 9238
1 9278
2 9239
2 9240
2 9241
3 9060
0 9127
0 9177
0 9227
2 9398
3 9225
0 9275
3 9268
1 9470
3 9269
0 9323
3 9325
3 9326
2 9494
2 9495
2 9497
1 9543
2 9498
3 9328
3 9329
1 9544
3 9330
1 9545
2 9499
3 9331
1 9546
1 9547
0 9373
0 9421
3 9410
1 9626
1 9627
2 9578
0 9470
1 9672
0 9519
3 9500
3 9501
2 9669
0 9568
1 9766
2 9710
1 9767
2 9711
2 9712
3 9548
2 9713
2 9714
2 9715
0 9617
0 9666
3 9632
2 9814
1 9861
0 9715
1 9915
2 9873
0 9764
3 9738
2 9942
0 9813
1 10020
2 10000
2 10001
3 9786
0 9862
1 10083
0 9911
1 10112
1 10113
0 9960
0 10009
0 10058
2 10203
0 10107
2 10242
0 10157
0 10206
1 10364
1 10365
3 10148
0 10255
2 10376
0 10303
3 10231
0 10352
1 10480
1 10481
2 10460
3 10274
2 10461
2 10462
0 10401
1 10533
1 10534
1 10535
1 10536
0 10450
2 10550
0 10499
2 10595
1 10631
0 10548
1 10702
1 10703
3 10460
3 10461
3 10462
1 10704
3 10463
1 10705
0 10597
0 10646
1 10794
1 10795
3 10539
0 10694
2 10817
2 10818
2 10819
1 10844
3 10582
2 10820
1 10848
2 10823
1 10849
2 10824
1 10850
0 10742
0 10790
3 10684
0 10838
0 10886
3 10781
3 10782
2 11012
0 10935
1 11083
2 11071
1 11084
0 10983
2 11117
1 11141
2 11118
3 10891
3 10892
0 11031
1 11195
1 11196
1 11197
0 11079
3 10992
1 11238
3 10993
0 11127
3 11027
0 11175
3 11080
1 11327
2 11291
1 11328
3 11081
2 11292
0 11223
0 11269
3 11184
2 11383
0 11316
2 11432
3 11236
0 11363
0 11410
2 11515
0 11457
0 11504
3 11430
2 11623
0 11551
0 11598
0 11645
1 11806
0 11692
0 11739
0 11787
1 11916
1 11917
0 11834
3 11730
3 11731
2 11939
3 11732
0 11880
3 11779
2 11989
3 11780
0 11926
2 12036
1 12042
3 11836
1 12043
1 12044
2 12037
2 12038
0 11972
3 11876
1 12087
0 12017
0 12063
0 12109
2 12176
0 12155
1 12254
2 12212
3 12064
0 12201
2 12253
2 12254
1 12294
1 12295
3 12119
3 12120
2 12259
2 12260
0 12247
2 12297
0 12293
3 12220
3 12221
1 12390
2 12342
3 12222
1 12393
3 12223
1 12394
3 12224
0 12339
3 12271
1 12443
0 12385
0 12430
1 12547
2 12485
1 12548
0 12476
2 12534
2 12535
1 12614
0 12522
3 12455
0 12568
3 12506
2 12626
3 12507
0 12614
3 12567
2 12670
2 12671
2 12672
2 12673
3 12568
3 12569
1 12780
3 12570
3 12571
0 12661
1 12825
0 12707
2 12764
1 12872
1 12873
0 12752
0 12797
2 12849
3 12764
3 12765
1 12961
1 12962
1 12963
0 12842
3 12803
0 12888
2 12930
3 12842
3 12843
1 13058
2 12931
3 12844
1 13059
0 12933
0 12977
3 12927
2 13018
2 13019
2 13020
1 13152
3 12928
2 13021
2 13022
1 13153
0 13022
2 13048
3 12977
0 13066
3 13037
1 13228
2 13082
0 13110
0 13148
1 13305
1 13306
3 13108
2 13156
1 13307
3 13109
1 13308
0 13192
3 13143
2 13189
0 13235
1 13377
3 13180
1 13378
3 13181
1 13379
3 13182
1 13380
3 13183
2 13225
3 13184
0 13280
1 13426
0 13323
2 13320
1 13480
0 13365
1 13528
1 13529
3 13312
3 13313
1 13531
0 13408
0 13440
0 13461
1 13611
3 13413
2 13462
0 13514
3 13454
2 13504
2 13546
3 13543
2 13589
3 13573
2 13630
1 13826
0 13700
2 13669
2 13709
3 13698
3 13699
3 13700
2 13749
0 13840
0 13842
1 13954
2 13789
3 13763
3 13764
3 13765
1 13985
2 13828
3 13807
3 13808
0 13929
1 14029
1 14030
0 13930
0 13931
1 14031
1 14032
1 14033
0 13932
1 14034
1 14035
1 14036
3 13809
2 13868
0 13965
2 13906
1 14116
3 13890
2 13944
0 14037
0 14038
3 13916
1 14152
3 13917
2 13981
3 13947
0 14074
1 14196
1 14197
1 14198
0 14075
2 14019
0 14105
0 14106
1 14233
3 13973
1 14234
3 13974
3 13975
2 14056
3 14034
0 14160
2 14092
0 14197
3 14089
1 14309
3 14090
0 14198
3 14091
1 14310
0 14199
0 14200
0 14201
2 14128
3 14121
3 14122
1 14337
3 14123
1 14338
2 14164
3 14174
1 14378
2 14199
1 14424
0 14327
0 14328
2 14233
1 14465
0 14371
3 14254
3 14255
3 14256
0 14372
2 14264
0 14419
0 14420
3 14287
3 14288
2 14298
0 14454
2 14329
3 14351
1 14542
2 14359
0 14503
0 14504
2 14389
2 14419
3 14434
3 14435
1 14618
2 14448
2 14477
2 14506
3 14489
3 14490
0 14631
0 14632
3 14493
0 14637
2 14535
0 14664
2 14560
1 14720
1 14721
1 14722
3 14541
1 14723
3 14542
3 14543
0 14692
2 14585
0 14722
0 14723
3 14565
2 14608
1 14763
1 14764
2 14630
0 14761
0 14762
3 14597
0 14763
2 14653
3 14622
3 14623
1 14820
2 14673
0 14817
2 14693
0 14835
3 14669
2 14712
3 14681
3 14682
0 14857
0 14858
3 14683
0 14859
0 14860
2 14732
2 14746
3 14717
2 14757
0 14888
3 14727
0 14892
1 14908
2 14770
2 14782
3 14760
1 14939
1 14940
0 14910
3 14761
0 14911
2 14793
1 14950
1 14952
0 14928
1 14953
1 14954
2 14805
2 14815
2 14825
3 14807
0 14962
3 14808
3 14809
2 14833
2 14843
0 14979
1 14991
3 14828
2 14851
3 14834
2 14859
2 14868
0 14997
2 14877
0 15002
