2 1183
3 1180
2 1184
3 1181
3 1182
3 1183
1 1188
1 1189
3 1184
1 1190
0 1168
3 1217
2 1231
3 1218
0 1212
0 1258
2 1312
0 1304
2 1351
3 1313
2 1352
3 1314
3 1315
2 1353
2 1354
1 1345
3 1319
3 1320
0 1351
2 1411
1 1401
3 1379
1 1402
3 1380
0 1399
1 1449
2 1469
0 1449
3 1477
1 1496
3 1478
2 1513
1 1497
3 1479
1 1498
0 1499
3 1520
0 1549
0 1599
0 1651
0 1701
0 1751
0 1800
0 1850
0 1900
1 1927
1 1928
1 1929
2 1950
3 1917
3 1918
1 1930
3 1919
1 1931
0 1950
1 1984
3 1970
1 1985
0 2000
3 2023
3 2024
0 2050
3 2084
2 2120
2 2121
1 2100
1 2101
2 2122
2 2123
0 2101
0 2151
0 2201
2 2276
3 2252
0 2251
0 2301
1 2315
1 2316
3 2334
3 2335
2 2368
3 2336
1 2317
0 2351
3 2385
1 2362
1 2363
1 2364
2 2419
1 2365
2 2420
2 2421
2 2422
2 2423
3 2386
2 2424
3 2387
0 2401
2 2460
3 2434
0 2451
0 2501
1 2493
1 2494
1 2495
1 2496
1 2497
3 2545
3 2546
2 2556
2 2557
3 2549
0 2551
3 2577
1 2539
3 2578
1 2540
2 2590
2 2591
0 2601
2 2634
2 2635
0 2651
2 2689
0 2701
0 2751
3 2768
2 2769
2 2770
1 2728
3 2769
1 2729
3 2770
1 2730
2 2771
3 2771
0 2801
1 2782
0 2851
1 2834
2 2886
1 2835
0 2901
3 2967
2 2939
2 2940
0 2950
1 2932
1 2933
2 3008
2 3009
1 2934
1 2935
3 3018
1 2936
2 3010
1 2937
0 3000
3 3069
1 2995
1 2996
0 3050
0 3099
1 3128
1 3129
1 3130
1 3131
1 3132
3 3177
1 3133
0 3149
1 3178
2 3209
1 3179
0 3199
1 3222
2 3252
1 3223
1 3224
0 3249
2 3310
0 3299
0 3349
1 3387
1 3388
1 3389
2 3402
0 3399
0 3448
0 3498
3 3507
3 3508
3 3509
0 3547
2 3583
3 3551
3 3552
2 3584
1 3563
3 3553
3 3554
2 3585
2 3586
1 3564
2 3587
2 3588
1 3565
1 3566
0 3598
0 3648
1 3674
2 3674
2 3676
1 3676
2 3678
3 3664
1 3679
0 3697
2 3730
3 3715
3 3716
3 3717
3 3718
1 3726
0 3747
2 3789
1 3784
3 3763
0 3796
3 3805
1 3828
2 3835
3 3809
3 3810
1 3831
0 3847
3 3866
0 3890
1 3925
2 3961
2 3962
2 3963
3 3913
1 3926
3 3914
3 3915
3 3916
3 3917
2 3964
3 3918
1 3927
2 3965
0 3940
1 3977
3 3978
2 4024
1 3978
2 4025
0 3990
1 4026
1 4027
0 4040
3 4051
1 4069
3 4052
2 4099
2 4100
1 4070
1 4071
3 4053
3 4054
0 4091
2 4158
0 4141
0 4191
3 4213
1 4229
0 4241
3 4256
2 4313
2 4314
3 4258
1 4282
3 4259
3 4260
3 4261
3 4262
2 4315
1 4283
3 4263
0 4291
1 4327
3 4296
1 4328
2 4348
0 4341
3 4331
0 4389
1 4440
2 4437
0 4440
3 4452
2 4497
0 4489
3 4493
2 4561
0 4539
1 4598
2 4598
2 4601
2 4603
3 4541
0 4590
0 4640
3 4633
0 4690
2 4770
3 4703
0 4740
2 4823
0 4789
2 4881
0 4839
3 4861
0 4888
2 4998
2 4999
0 4938
0 4988
0 5038
1 5081
1 5082
3 5045
1 5083
0 5088
1 5124
1 5125
3 5092
2 5191
0 5138
0 5188
3 5206
3 5207
2 5318
0 5238
1 5320
2 5370
2 5371
3 5269
2 5372
0 5288
1 5377
3 5314
3 5315
1 5378
2 5421
0 5338
0 5388
3 5404
0 5438
1 5540
0 5488
2 5629
3 5507
3 5508
3 5509
0 5539
3 5552
1 5646
0 5589
2 5701
2 5702
0 5639
2 5744
0 5688
0 5738
3 5724
3 5725
0 5788
2 5870
0 5838
1 5915
0 5888
0 5938
1 6019
1 6020
2 6026
0 5988
1 6086
1 6087
1 6088
1 6089
2 6079
1 6090
2 6080
0 6038
1 6137
3 6019
2 6130
3 6021
2 6135
1 6139
2 6136
0 6088
2 6172
0 6138
0 6188
1 6266
0 6237
2 6311
1 6318
2 6313
3 6215
3 6216
0 6287
2 6363
2 6364
1 6359
0 6337
3 6301
1 6394
3 6302
0 6387
2 6432
0 6436
2 6501
2 6502
0 6486
2 6554
0 6536
1 6599
0 6584
0 6634
1 6707
3 6594
2 6681
2 6684
3 6602
3 6603
3 6604
3 6605
1 6713
2 6688
3 6607
0 6692
0 6742
1 6811
0 6792
2 6841
3 6755
3 6756
1 6873
1 6874
1 6875
0 6842
3 6799
2 6890
1 6922
0 6893
3 6851
1 6967
2 6936
3 6852
3 6853
0 6943
1 7024
3 6908
3 6909
3 6910
0 6989
1 7077
1 7078
0 7039
1 7135
2 7093
1 7137
1 7138
0 7089
1 7191
1 7192
2 7122
2 7123
2 7124
0 7139
1 7245
3 7105
1 7246
1 7247
0 7187
3 7149
0 7237
1 7341
0 7286
1 7386
3 7240
3 7242
0 7335
0 7385
2 7419
1 7482
2 7420
0 7434
2 7492
0 7484
0 7534
1 7626
2 7579
3 7473
0 7584
0 7633
2 7690
1 7725
1 7726
3 7574
1 7727
1 7728
0 7683
1 7779
3 7606
0 7733
2 7789
3 7667
1 7835
2 7790
1 7836
2 7791
1 7837
1 7838
3 7668
0 7783
3 7745
3 7746
3 7747
2 7856
2 7857
2 7858
2 7859
3 7748
2 7860
3 7749
2 7861
2 7862
2 7863
1 7901
3 7752
1 7902
1 7903
0 7833
0 7883
0 7933
2 8040
2 8041
1 8089
2 8042
0 7983
2 8092
2 8093
3 7949
1 8149
0 8033
2 8141
2 8142
3 7995
0 8083
2 8201
2 8202
1 8250
3 8053
2 8203
1 8251
1 8252
0 8134
3 8116
0 8184
3 8162
0 8234
0 8284
1 8444
1 8445
1 8446
3 8258
2 8383
2 8384
1 8447
0 8334
0 8384
0 8434
0 8484
3 8452
2 8616
3 8453
0 8534
2 8681
1 8720
1 8721
2 8682
3 8509
0 8583
0 8633
1 8831
1 8832
3 8627
3 8628
1 8833
3 8630
1 8834
3 8631
2 8799
1 8835
3 8632
3 8633
0 8683
2 8838
1 8878
3 8670
1 8881
3 8672
0 8734
2 8897
2 8898
2 8899
2 8900
3 8730
2 8901
0 8784
3 8785
2 8961
3 8786
1 9011
0 8834
1 9048
3 8825
2 8996
2 8997
1 9049
0 8884
1 9091
0 8934
0 8984
0 9034
1 9224
3 9009
0 9083
1 9284
1 9285
0 9133
1 9329
1 9330
2 9303
3 9118
1 9331
2 9304
1 9332
3 9119
1 9333
1 9334
0 9184
1 9385
1 9386
0 9233
1 9429
3 9231
1 9430
2 9402
1 9431
2 9403
3 9232
3 9233
2 9404
0 9283
0 9331
2 9505
0 9380
0 9429
2 9585
0 9478
3 9458
3 9459
0 9527
1 9727
2 9674
1 9728
2 9675
1 9729
1 9730
1 9731
1 9732
1 9733
0 9576
2 9719
3 9553
1 9774
3 9554
3 9555
0 9624
0 9673
2 9820
3 9637
0 9722
3 9696
2 9881
2 9882
1 9923
2 9883
3 9697
3 9698
1 9924
0 9771
2 9948
2 9949
1 9977
2 9950
2 9951
1 9978
1 9979
3 9752
2 9952
0 9820
3 9795
3 9796
2 10005
0 9869
0 9918
2 10098
3 9898
2 10099
2 10100
1 10121
2 10101
0 9967
1 10155
0 10016
1 10186
3 9970
1 10187
3 9974
1 10189
3 9978
0 10065
3 10020
0 10114
2 10247
2 10248
3 10060
2 10249
1 10262
0 10163
1 10320
0 10213
1 10370
3 10158
3 10159
1 10371
0 10262
3 10200
3 10201
0 10311
3 10238
0 10360
0 10409
0 10458
2 10556
1 10595
2 10557
3 10368
0 10508
2 10601
2 10602
2 10603
1 10644
0 10556
3 10467
2 10658
1 10711
0 10605
1 10764
3 10508
2 10711
2 10712
1 10765
2 10713
3 10509
2 10714
3 10510
1 10766
1 10767
0 10654
0 10702
0 10750
2 10876
0 10798
1 10938
0 10846
0 10894
0 10942
1 11094
3 10856
0 10990
3 10896
1 11147
3 10897
1 11148
0 11038
1 11200
3 10950
1 11201
3 10951
3 10952
0 11086
3 11000
1 11244
3 11001
1 11245
1 11246
2 11209
2 11210
3 11002
1 11247
0 11134
1 11285
1 11286
3 11032
3 11033
1 11287
3 11034
3 11035
0 11182
1 11334
2 11296
3 11086
3 11087
0 11230
2 11343
3 11144
1 11391
2 11344
1 11392
1 11393
0 11277
1 11444
1 11445
2 11390
1 11446
1 11448
1 11449
1 11450
0 11324
1 11499
2 11438
1 11500
3 11244
2 11439
3 11245
3 11246
2 11440
3 11250
0 11371
3 11283
3 11284
2 11479
0 11418
1 11590
0 11465
1 11644
1 11645
2 11585
2 11586
0 11513
2 11629
1 11691
1 11692
0 11560
3 11479
3 11480
3 11481
2 11675
2 11676
3 11482
0 11607
2 11724
2 11725
0 11655
0 11702
2 11817
0 11749
0 11796
3 11694
3 11695
3 11696
0 11842
1 11966
0 11889
1 12007
2 11996
1 12008
3 11791
0 11935
3 11841
0 11981
0 12026
3 11935
1 12149
0 12072
3 11985
0 12119
3 12034
3 12035
2 12184
0 12165
1 12262
3 12075
1 12263
3 12076
3 12077
3 12078
3 12079
2 12221
0 12211
0 12257
2 12318
0 12303
1 12399
3 12229
2 12350
0 12349
2 12400
2 12401
3 12286
1 12454
1 12455
2 12402
2 12403
0 12395
1 12515
3 12328
3 12329
2 12459
2 12460
0 12441
0 12487
2 12545
0 12533
3 12459
0 12579
2 12630
2 12631
1 12723
3 12513
3 12514
2 12632
3 12515
3 12516
0 12626
3 12578
0 12672
2 12731
2 12732
2 12733
3 12634
3 12635
2 12734
1 12845
1 12846
1 12847
0 12718
1 12882
0 12763
3 12721
1 12925
0 12808
3 12773
2 12859
1 12976
1 12977
1 12978
2 12860
2 12861
0 12853
2 12890
3 12808
1 13019
2 12891
1 13020
3 12809
2 12892
1 13021
1 13022
2 12893
3 12811
0 12899
0 12943
3 12888
2 12977
3 12889
0 12987
3 12940
0 13031
2 13052
1 13197
3 12981
3 12982
0 13075
3 13043
2 13094
1 13238
3 13046
2 13097
0 13122
3 13086
2 13138
1 13285
0 13165
0 13207
0 13250
3 13201
1 13402
2 13241
0 13293
1 13442
3 13253
3 13254
2 13295
0 13336
1 13496
2 13336
2 13338
0 13380
3 13330
1 13544
3 13331
0 13415
0 13444
2 13448
3 13437
1 13637
1 13638
2 13490
2 13532
0 13593
0 13594
2 13573
0 13630
3 13562
0 13631
2 13614
0 13683
0 13684
2 13656
0 13729
0 13730
1 13848
2 13696
2 13736
3 13729
1 13941
0 13820
0 13821
3 13730
1 13942
0 13823
0 13824
0 13825
3 13732
1 13945
1 13946
1 13947
0 13826
3 13733
3 13734
2 13777
1 13973
2 13815
2 13854
2 13893
3 13878
0 13984
1 14101
3 13879
3 13880
0 13985
1 14102
0 13986
1 14103
1 14104
3 13881
3 13882
2 13931
1 14140
2 13968
2 14005
2 14042
0 14138
0 14139
1 14251
0 14140
3 14012
1 14254
1 14255
1 14256
0 14143
1 14257
3 14013
3 14014
1 14258
3 14015
3 14016
2 14079
0 14181
2 14115
0 14216
2 14151
2 14186
0 14312
1 14409
0 14313
1 14410
3 14202
3 14203
3 14204
2 14220
0 14358
2 14251
3 14283
1 14486
0 14403
2 14282
1 14501
1 14502
0 14442
0 14443
3 14311
0 14445
1 14507
1 14508
0 14446
1 14509
1 14510
3 14314
3 14315
3 14316
1 14511
2 14313
3 14335
1 14529
2 14344
3 14363
2 14372
2 14400
2 14429
1 14628
0 14559
3 14442
0 14560
0 14561
2 14458
1 14649
3 14463
3 14464
0 14581
3 14465
0 14582
1 14650
3 14466
3 14467
0 14583
1 14651
2 14487
2 14517
1 14688
0 14644
3 14499
3 14500
2 14544
3 14526
0 14679
0 14680
1 14712
2 14569
1 14732
0 14702
0 14703
3 14553
1 14733
3 14554
0 14704
0 14705
0 14706
2 14594
2 14618
1 14774
