0 1181
0 1226
0 1272
2 1329
0 1318
2 1366
0 1364
3 1388
3 1389
1 1408
0 1413
0 1463
0 1513
1 1558
1 1559
0 1563
0 1613
0 1663
2 1697
3 1672
2 1698
2 1699
3 1673
3 1674
0 1712
0 1762
3 1777
1 1768
3 1778
1 1769
0 1812
2 1848
3 1837
2 1849
1 1819
0 1861
2 1897
0 1912
3 1933
1 1947
0 1962
1 1993
0 2012
0 2063
1 2117
3 2100
2 2137
0 2113
2 2174
1 2153
1 2154
1 2155
2 2176
0 2163
3 2214
0 2213
0 2263
1 2281
2 2319
3 2300
2 2320
2 2321
3 2301
0 2313
1 2328
2 2381
3 2350
0 2363
0 2413
3 2442
2 2472
3 2443
0 2463
3 2498
3 2499
2 2514
3 2500
3 2501
0 2513
0 2563
2 2597
1 2546
2 2598
3 2583
3 2584
0 2613
3 2635
0 2663
2 2700
2 2701
0 2713
3 2735
0 2763
2 2791
2 2792
0 2812
3 2847
0 2862
1 2848
2 2907
3 2920
2 2908
3 2921
2 2909
1 2849
0 2912
2 2956
3 2973
1 2887
0 2962
1 2956
2 3029
2 3030
1 2957
2 3031
1 2958
3 3036
3 3037
1 2959
3 3038
2 3032
0 3013
2 3084
3 3083
0 3062
1 3066
1 3067
1 3068
0 3112
3 3188
3 3189
1 3142
0 3162
1 3183
0 3212
1 3239
2 3259
0 3262
0 3312
0 3362
1 3403
2 3414
3 3393
2 3415
0 3411
0 3462
0 3512
3 3521
0 3561
3 3566
3 3567
0 3611
1 3624
2 3626
0 3661
0 3711
0 3758
3 3769
0 3808
0 3858
0 3901
3 3931
2 3980
3 3932
2 3981
0 3951
3 3985
1 3985
0 4000
2 4063
2 4064
3 4026
1 4036
1 4037
0 4050
3 4060
3 4061
3 4062
1 4081
1 4082
3 4063
2 4111
0 4100
3 4110
2 4164
1 4130
1 4131
2 4166
2 4168
0 4151
3 4167
3 4168
3 4169
2 4219
2 4220
2 4221
0 4201
3 4218
2 4274
1 4236
1 4237
3 4219
3 4220
1 4238
2 4275
2 4277
2 4278
1 4239
3 4221
2 4279
0 4253
3 4269
0 4302
2 4352
3 4299
1 4337
1 4338
1 4340
1 4341
1 4342
3 4302
1 4344
2 4353
2 4354
1 4345
2 4355
2 4356
3 4303
1 4346
2 4358
3 4305
1 4349
3 4306
2 4359
1 4350
2 4360
0 4356
3 4343
3 4344
0 4406
1 4462
0 4456
2 4520
1 4514
3 4471
1 4515
2 4522
1 4519
3 4475
1 4520
1 4521
1 4522
2 4527
0 4511
1 4574
0 4561
3 4569
3 4570
2 4626
2 4627
2 4628
2 4629
1 4624
2 4630
2 4631
1 4625
0 4611
1 4656
2 4670
2 4671
1 4657
2 4672
0 4661
2 4728
3 4667
3 4668
3 4669
3 4672
0 4711
0 4761
3 4797
2 4861
1 4823
2 4862
1 4824
3 4798
0 4811
1 4866
0 4861
3 4874
3 4875
0 4912
3 4945
2 5028
0 4962
0 5012
0 5061
1 5097
1 5098
0 5111
2 5226
2 5231
2 5232
0 5161
0 5211
0 5261
1 5345
0 5311
1 5396
2 5448
1 5397
1 5398
1 5399
0 5361
0 5411
3 5437
2 5552
1 5502
3 5438
1 5503
1 5504
0 5461
1 5575
3 5483
3 5484
1 5576
3 5485
1 5577
3 5486
1 5578
3 5487
2 5600
2 5601
3 5488
0 5512
0 5562
2 5684
1 5669
3 5565
2 5685
1 5670
3 5566
0 5613
0 5662
2 5759
2 5760
3 5658
2 5761
2 5762
2 5763
2 5764
2 5765
0 5712
2 5815
3 5707
3 5708
0 5762
1 5849
0 5812
3 5775
2 5890
3 5776
3 5777
2 5891
3 5778
1 5884
1 5885
1 5886
1 5887
2 5892
3 5779
3 5780
3 5781
3 5782
3 5783
2 5893
0 5863
1 5936
1 5937
1 5938
1 5939
2 5943
1 5940
1 5941
3 5842
3 5843
2 5944
2 5945
0 5914
2 6006
2 6007
2 6008
1 5993
0 5964
1 6053
1 6054
1 6055
0 6014
0 6064
0 6114
1 6195
3 6088
1 6196
0 6164
3 6136
0 6214
1 6290
2 6279
1 6291
1 6292
3 6184
2 6280
3 6185
2 6281
1 6293
0 6265
2 6343
0 6314
1 6382
3 6286
0 6364
2 6410
1 6417
1 6418
1 6419
3 6324
0 6414
0 6462
3 6423
1 6531
1 6532
0 6512
2 6567
3 6471
2 6568
1 6580
0 6562
0 6611
2 6649
0 6660
1 6730
1 6731
0 6709
3 6685
3 6686
0 6759
0 6809
2 6862
3 6780
0 6862
1 6934
2 6902
3 6820
2 6903
1 6935
0 6912
1 6983
2 6955
0 6962
1 7052
2 7016
3 6944
3 6945
1 7053
1 7054
3 6946
2 7017
2 7018
3 6947
2 7019
2 7023
1 7058
2 7028
2 7031
1 7065
1 7066
2 7033
2 7035
3 6960
0 7023
0 7073
1 7175
1 7176
2 7110
3 7042
3 7043
2 7112
3 7044
1 7177
2 7113
2 7114
1 7178
2 7115
1 7182
0 7126
0 7174
1 7275
2 7214
0 7223
3 7179
0 7273
3 7221
1 7370
1 7371
2 7318
0 7323
1 7424
0 7373
0 7423
3 7372
3 7373
1 7528
0 7473
0 7522
2 7565
1 7608
2 7566
0 7572
0 7622
0 7672
2 7724
2 7725
2 7726
0 7722
3 7655
1 7820
3 7656
1 7821
2 7773
2 7774
1 7822
0 7772
2 7838
1 7879
3 7732
2 7839
0 7822
2 7906
1 7955
0 7872
1 8023
3 7861
2 7968
2 7969
3 7862
1 8024
0 7922
1 8079
1 8080
1 8081
2 8032
0 7972
3 7935
0 8022
3 7984
2 8136
1 8181
2 8137
0 8071
2 8181
0 8121
0 8171
0 8221
1 8399
3 8202
2 8331
0 8272
3 8247
1 8425
1 8426
0 8322
1 8486
0 8372
2 8473
1 8527
1 8528
2 8474
3 8336
2 8475
3 8337
0 8422
2 8532
3 8381
1 8583
0 8472
1 8648
2 8599
3 8437
3 8438
1 8649
3 8439
1 8650
0 8522
3 8494
1 8705
2 8665
1 8706
0 8572
0 8621
1 8824
0 8671
1 8869
3 8657
3 8658
3 8659
0 8721
1 8938
1 8939
0 8771
3 8778
0 8820
3 8811
3 8812
3 8813
0 8871
2 9025
1 9083
0 8921
2 9075
3 8894
3 8895
0 8971
0 9021
2 9181
1 9201
1 9202
2 9182
2 9183
1 9203
1 9204
3 8995
2 9184
1 9205
1 9206
2 9185
1 9207
0 9071
2 9233
0 9121
3 9109
1 9326
0 9171
3 9162
1 9372
1 9373
0 9220
2 9387
0 9269
3 9260
2 9430
0 9319
1 9539
2 9493
1 9540
3 9322
0 9368
0 9417
3 9408
0 9466
3 9437
3 9438
0 9515
1 9720
2 9668
0 9564
2 9709
0 9613
1 9808
3 9577
3 9578
0 9662
2 9806
2 9807
0 9712
2 9867
1 9909
3 9678
2 9868
1 9910
2 9869
1 9911
3 9679
3 9680
3 9681
3 9682
2 9870
0 9761
3 9734
3 9735
1 9967
2 9935
3 9736
2 9936
1 9968
2 9937
3 9737
1 9969
0 9810
1 10015
2 9993
2 9994
2 9995
3 9779
3 9780
1 10016
1 10017
3 9781
3 9782
1 10018
0 9859
1 10081
1 10082
3 9853
2 10062
0 9908
3 9890
1 10110
1 10111
3 9891
0 9957
0 10005
2 10153
1 10182
0 10054
0 10103
0 10152
2 10286
0 10201
1 10356
2 10324
2 10325
3 10145
0 10250
1 10402
3 10183
0 10300
0 10349
3 10264
3 10265
3 10266
3 10267
2 10455
2 10456
3 10268
1 10476
0 10398
2 10507
3 10327
3 10328
1 10532
0 10447
2 10548
2 10549
3 10353
0 10496
0 10545
3 10455
2 10650
1 10699
2 10651
3 10457
1 10700
3 10458
1 10701
0 10595
3 10502
2 10701
0 10644
3 10537
3 10538
0 10692
1 10837
0 10740
0 10787
0 10835
3 10727
0 10883
1 11043
2 11002
1 11044
2 11003
2 11004
3 10777
2 11005
2 11006
3 10778
1 11045
0 10931
0 10979
1 11137
3 10889
3 10890
0 11026
0 11074
3 10987
1 11233
3 10988
1 11234
2 11196
0 11122
0 11170
1 11325
2 11288
0 11218
2 11334
2 11335
3 11123
3 11124
3 11125
0 11266
3 11180
2 11378
2 11379
1 11437
0 11313
3 11232
3 11233
3 11234
0 11361
0 11408
3 11321
3 11322
1 11582
3 11323
3 11324
0 11455
3 11375
1 11640
0 11502
1 11684
1 11685
3 11422
1 11686
1 11687
0 11549
2 11666
3 11470
0 11595
0 11642
3 11561
3 11562
2 11763
2 11764
2 11765
3 11563
0 11689
3 11608
1 11844
1 11845
3 11609
2 11802
0 11736
3 11638
3 11640
1 11876
1 11877
0 11783
1 11903
2 11888
2 11889
1 11904
1 11905
1 11906
2 11890
1 11907
2 11893
3 11678
1 11912
0 11830
3 11722
1 11944
3 11723
2 11936
3 11724
3 11725
1 11945
0 11877
1 11999
0 11923
1 12036
0 11968
3 11873
2 12070
0 12013
1 12133
1 12134
0 12059
1 12183
3 11973
3 11974
1 12184
0 12105
0 12151
3 12062
1 12250
0 12197
1 12286
0 12243
2 12293
2 12294
0 12289
1 12389
3 12217
0 12335
2 12381
2 12382
1 12432
3 12262
2 12383
3 12263
3 12264
2 12384
1 12433
2 12387
1 12436
0 12381
1 12493
1 12494
3 12312
0 12427
0 12472
1 12601
3 12404
3 12405
2 12527
1 12607
1 12608
1 12609
0 12518
1 12659
2 12571
2 12572
1 12660
0 12564
3 12502
2 12620
2 12621
0 12610
0 12655
0 12700
1 12866
2 12759
1 12867
1 12868
2 12760
0 12745
3 12698
3 12699
3 12700
0 12790
0 12835
1 13002
0 12880
0 12925
1 13104
2 12964
3 12874
2 12965
0 12969
2 13005
2 13006
3 12916
2 13007
3 12917
1 13143
3 12918
3 12919
3 12920
3 12921
1 13144
1 13145
0 13013
1 13191
2 13046
0 13057
1 13218
2 13075
3 13014
3 13015
3 13016
3 13017
0 13100
0 13137
0 13179
2 13174
3 13126
2 13177
3 13127
3 13128
3 13129
0 13222
2 13211
3 13170
3 13171
3 13172
2 13212
1 13362
2 13215
1 13366
1 13367
3 13174
0 13267
0 13308
2 13303
2 13304
3 13268
1 13457
2 13309
2 13313
1 13474
2 13318
2 13322
0 13366
3 13317
0 13407
2 13417
3 13376
3 13377
3 13378
1 13584
1 13585
2 13435
0 13481
2 13477
3 13477
0 13527
0 13528
3 13478
1 13675
2 13518
3 13522
0 13572
0 13573
2 13560
0 13613
0 13614
3 13550
2 13601
1 13804
1 13805
0 13665
3 13584
3 13585
2 13642
3 13626
0 13714
2 13684
2 13723
1 13915
0 13798
3 13708
3 13709
3 13710
1 13916
0 13799
1 13917
3 13711
3 13714
2 13764
2 13803
0 13897
1 14002
2 13842
3 13819
2 13881
3 13863
2 13919
0 14015
1 14128
1 14129
2 13956
1 14164
3 13926
0 14049
2 13993
1 14202
0 14078
3 13949
0 14079
1 14203
2 14030
2 14067
3 14056
3 14057
3 14058
2 14102
0 14211
3 14104
2 14138
0 14243
0 14244
2 14173
0 14291
1 14393
3 14188
2 14208
3 14228
2 14241
1 14475
0 14390
0 14391
2 14271
1 14493
3 14297
3 14298
1 14495
1 14496
0 14427
3 14301
0 14428
0 14429
2 14302
2 14333
0 14476
3 14354
3 14355
2 14363
3 14381
0 14506
1 14569
1 14570
2 14393
3 14414
1 14595
3 14415
0 14527
1 14596
2 14423
1 14624
0 14556
1 14625
2 14452
0 14573
0 14574
3 14454
2 14481
1 14661
2 14509
1 14682
3 14494
3 14495
3 14496
0 14640
2 14537
3 14515
2 14561
2 14584
0 14720
3 14563
3 14564
0 14721
2 14607
3 14576
2 14632
3 14598
2 14654
2 14674
0 14818
3 14652
2 14694
3 14670
1 14860
0 14836
3 14671
0 14837
3 14674
2 14715
2 14733
3 14696
2 14747
1 14898
2 14759
2 14771
1 14927
3 14746
3 14747
3 14748
2 14783
0 14912
2 14794
3 14773
2 14804
3 14782
3 14783
0 14939
0 14940
3 14784
0 14941
0 14942
0 14943
3 14785
3 14786
2 14816
0 14949
3 14794
3 14795
1 14966
3 14796
0 14950
0 14951
