0 1198
0 1244
2 1299
3 1266
2 1300
1 1295
2 1301
1 1296
0 1290
2 1342
3 1300
3 1301
2 1343
0 1336
3 1363
3 1364
0 1381
3 1403
1 1424
2 1433
2 1434
1 1425
1 1426
3 1404
3 1405
1 1427
1 1428
2 1435
3 1406
0 1431
0 1479
0 1529
0 1579
2 1626
1 1619
0 1629
0 1679
3 1694
1 1708
3 1695
2 1720
2 1721
0 1729
1 1743
2 1773
0 1779
2 1819
0 1829
3 1846
2 1862
3 1849
2 1863
0 1879
0 1929
2 1974
2 1975
2 1976
2 1977
0 1979
0 2029
2 2092
1 2070
3 2063
2 2093
2 2094
3 2064
2 2095
0 2079
3 2126
1 2135
0 2129
0 2179
3 2230
2 2256
1 2214
3 2232
1 2215
0 2230
3 2277
0 2279
2 2339
2 2340
0 2329
3 2361
1 2342
2 2392
2 2393
2 2394
2 2395
1 2343
0 2379
3 2417
0 2429
1 2431
3 2459
2 2488
3 2460
0 2479
1 2469
2 2530
3 2517
2 2531
1 2470
0 2529
3 2571
1 2523
1 2524
1 2525
0 2579
1 2557
2 2614
0 2630
1 2605
0 2680
3 2706
3 2707
0 2730
0 2780
1 2753
2 2804
0 2829
3 2880
1 2820
0 2880
3 2937
0 2929
2 2979
3 2990
2 2980
3 2991
3 2992
2 2981
3 2993
3 2995
3 2996
2 2988
3 2997
1 2910
1 2911
1 2912
2 2989
2 2990
3 2998
0 2980
0 3030
2 3103
1 3020
0 3080
2 3151
0 3130
2 3194
0 3180
2 3228
2 3229
0 3230
2 3288
0 3280
1 3322
2 3345
2 3346
3 3331
2 3347
3 3332
1 3323
0 3330
0 3379
1 3416
0 3428
1 3460
1 3463
0 3478
1 3521
1 3522
0 3528
2 3573
3 3528
0 3577
2 3609
0 3627
2 3644
3 3630
2 3645
3 3631
2 3646
2 3647
3 3632
0 3677
1 3707
2 3703
1 3708
1 3709
3 3691
2 3704
3 3693
2 3707
2 3709
1 3711
0 3730
1 3773
0 3779
3 3785
1 3811
2 3821
0 3828
2 3872
3 3846
2 3877
2 3882
3 3850
2 3887
3 3855
3 3856
2 3894
1 3871
2 3899
1 3875
3 3869
3 3871
2 3908
1 3887
3 3877
3 3878
0 3903
2 3982
3 3933
0 3953
3 3988
1 3987
3 3989
3 3990
1 3988
2 4037
0 4003
1 4041
0 4052
3 4067
0 4102
2 4167
1 4132
2 4169
3 4111
0 4152
3 4170
1 4181
0 4202
2 4276
0 4251
1 4291
0 4301
0 4351
1 4386
2 4396
3 4342
0 4400
3 4417
2 4445
2 4446
3 4418
3 4419
3 4420
2 4447
2 4448
2 4449
0 4450
0 4498
1 4559
1 4560
0 4549
0 4599
1 4650
2 4660
0 4648
3 4647
2 4710
3 4648
3 4649
0 4697
0 4746
1 4800
1 4801
0 4796
0 4846
1 4906
1 4907
0 4896
3 4920
2 5006
1 4954
0 4946
2 5061
0 4996
3 5020
1 5053
0 5046
0 5096
0 5146
3 5159
1 5196
2 5259
1 5197
2 5260
1 5198
0 5196
3 5223
3 5224
2 5323
0 5246
2 5376
0 5296
0 5346
1 5433
2 5485
0 5395
1 5480
3 5410
1 5481
0 5445
1 5548
1 5549
1 5550
3 5470
3 5471
1 5551
1 5552
1 5553
2 5579
3 5472
3 5473
1 5554
1 5555
2 5582
2 5583
1 5557
2 5584
0 5496
2 5639
3 5514
3 5515
1 5613
0 5546
1 5651
1 5652
0 5596
0 5646
1 5758
1 5759
2 5749
3 5648
0 5695
1 5804
0 5745
2 5843
1 5838
0 5795
0 5845
1 5923
2 5928
0 5895
3 5880
1 5976
2 5979
1 5979
2 5981
1 5980
2 5982
3 5883
3 5884
0 5945
3 5909
0 5995
3 5962
3 5963
2 6083
0 6045
2 6143
3 6030
0 6095
2 6182
3 6070
1 6181
3 6071
0 6144
3 6118
2 6220
1 6219
0 6194
1 6271
0 6244
0 6294
1 6361
0 6344
2 6401
3 6309
1 6404
0 6395
0 6442
1 6514
0 6493
3 6451
2 6556
0 6543
3 6513
0 6593
3 6560
1 6668
0 6641
3 6599
3 6600
3 6601
2 6687
1 6714
1 6715
2 6690
1 6716
2 6691
0 6695
3 6661
3 6662
0 6744
1 6812
2 6782
2 6783
2 6786
1 6817
3 6707
1 6818
3 6708
2 6787
1 6819
3 6709
1 6820
0 6796
1 6876
3 6757
3 6758
2 6847
3 6761
2 6849
3 6767
3 6768
0 6847
3 6810
0 6897
3 6855
1 6968
1 6969
0 6947
3 6921
3 6922
0 6992
2 7050
0 7041
0 7091
2 7125
0 7142
0 7192
2 7231
1 7297
0 7242
0 7292
3 7245
1 7392
1 7393
1 7394
1 7395
0 7342
1 7435
2 7372
0 7392
2 7427
1 7488
0 7442
2 7497
3 7393
1 7547
1 7548
3 7394
0 7492
3 7422
0 7542
2 7589
1 7641
2 7590
1 7642
0 7593
2 7629
0 7643
1 7736
0 7693
1 7789
1 7790
0 7743
3 7689
0 7793
3 7755
3 7756
2 7866
1 7910
0 7843
2 7932
3 7810
3 7811
3 7812
2 7933
1 7976
1 7977
3 7815
1 7978
1 7979
0 7894
1 8047
2 7995
2 7996
1 8048
1 8049
1 8050
0 7944
1 8100
0 7994
1 8156
1 8157
1 8158
2 8105
0 8043
0 8093
0 8142
3 8122
0 8192
0 8242
0 8292
0 8342
2 8445
1 8505
1 8506
3 8310
1 8507
2 8446
0 8392
3 8356
2 8499
2 8500
0 8443
3 8408
3 8409
1 8608
0 8493
2 8626
3 8460
0 8543
0 8593
2 8733
3 8579
2 8734
2 8737
2 8738
3 8586
3 8587
0 8644
0 8694
1 8902
1 8903
0 8744
0 8794
3 8794
1 9019
1 9020
3 8795
0 8844
3 8830
2 9007
0 8894
0 8944
0 8994
2 9143
1 9169
1 9170
2 9144
2 9147
2 9148
3 8965
2 9149
2 9150
0 9045
1 9234
1 9235
2 9209
1 9236
2 9210
3 9028
1 9238
0 9095
1 9294
2 9257
1 9295
0 9144
0 9194
0 9242
3 9236
1 9436
1 9437
2 9410
2 9411
3 9239
0 9291
1 9485
3 9285
3 9286
1 9486
1 9487
2 9453
0 9340
2 9512
0 9389
0 9438
3 9419
1 9645
0 9487
2 9642
0 9535
0 9584
2 9727
3 9561
2 9728
2 9729
0 9633
3 9591
1 9823
1 9824
2 9769
2 9770
2 9771
2 9772
2 9773
0 9683
3 9646
1 9880
1 9881
2 9831
1 9883
3 9647
2 9832
2 9833
0 9732
3 9705
2 9890
1 9930
3 9706
0 9781
2 9956
3 9757
2 9957
1 9987
2 9958
0 9830
1 10044
2 10022
2 10023
2 10024
2 10025
3 9820
2 10026
2 10027
2 10028
3 9821
3 9822
0 9880
0 9928
3 9912
1 10131
3 9913
3 9914
3 9915
2 10111
1 10132
3 9917
2 10112
1 10133
2 10113
0 9978
1 10164
3 9947
3 9948
3 9949
1 10165
3 9950
3 9951
2 10142
2 10143
0 10027
2 10162
3 9982
1 10195
2 10163
0 10076
1 10240
2 10223
1 10241
1 10246
3 10036
3 10037
1 10247
3 10038
1 10248
0 10125
3 10072
3 10073
0 10174
3 10125
1 10326
2 10297
2 10298
2 10299
3 10126
3 10127
0 10223
1 10377
2 10354
2 10355
2 10356
2 10357
2 10358
3 10170
1 10378
3 10171
3 10172
0 10272
3 10212
2 10397
0 10321
1 10450
3 10247
0 10370
1 10504
2 10475
3 10295
0 10420
3 10336
0 10469
0 10517
3 10423
2 10608
2 10609
1 10653
1 10654
2 10610
0 10566
1 10721
0 10615
3 10511
1 10772
3 10512
2 10716
0 10663
1 10805
3 10554
1 10806
0 10711
1 10868
3 10605
2 10847
0 10759
3 10645
0 10807
2 10926
0 10855
3 10755
0 10903
1 11060
1 11061
0 10952
2 11089
1 11107
3 10867
2 11090
1 11108
3 10868
1 11109
0 11000
0 11048
2 11167
2 11168
1 11206
2 11169
1 11207
3 10965
0 11096
2 11221
0 11144
3 11049
0 11192
3 11094
3 11095
2 11301
3 11096
3 11097
1 11340
3 11098
3 11099
2 11302
3 11100
1 11341
0 11240
2 11353
1 11402
1 11403
1 11408
1 11409
0 11287
2 11407
1 11460
3 11208
3 11209
2 11408
2 11409
3 11210
0 11334
1 11513
0 11382
1 11561
3 11299
1 11562
0 11429
2 11546
0 11476
1 11655
1 11656
0 11523
2 11643
2 11644
1 11709
3 11446
0 11570
3 11491
2 11688
1 11741
0 11616
0 11663
3 11584
3 11585
0 11710
3 11621
1 11857
2 11822
0 11757
0 11804
3 11703
2 11910
3 11704
0 11851
1 11976
1 11977
2 11962
1 11978
2 11966
3 11755
3 11756
0 11897
1 12017
1 12018
0 11943
0 11989
2 12078
1 12106
2 12079
3 11892
3 11893
2 12080
1 12107
3 11894
1 12108
1 12109
2 12081
3 11895
2 12082
0 12035
0 12081
3 11994
0 12127
2 12196
2 12197
3 12046
3 12047
1 12235
1 12236
0 12172
1 12264
0 12218
2 12274
2 12275
3 12135
0 12264
3 12193
2 12324
1 12368
2 12325
2 12326
1 12369
3 12194
2 12327
0 12309
3 12236
3 12237
1 12404
3 12238
2 12358
2 12359
1 12405
0 12355
1 12460
2 12412
1 12461
0 12400
2 12461
2 12462
1 12518
1 12519
2 12463
2 12464
3 12331
2 12465
0 12446
3 12372
1 12561
3 12373
3 12374
3 12375
3 12376
0 12492
2 12551
2 12552
0 12537
1 12676
3 12461
0 12583
1 12725
3 12517
0 12629
3 12582
2 12680
2 12681
3 12583
1 12792
2 12682
3 12584
1 12793
3 12585
2 12683
1 12794
2 12684
1 12797
1 12798
3 12588
3 12589
1 12799
3 12590
1 12800
0 12676
0 12722
0 12767
0 12812
1 12982
0 12857
0 12902
1 13075
1 13076
1 13077
2 12945
2 12946
2 12947
3 12854
2 12948
0 12947
0 12991
0 13035
0 13079
1 13237
0 13118
0 13155
3 13117
2 13160
1 13313
1 13314
2 13161
1 13315
0 13198
2 13193
2 13194
0 13242
1 13387
3 13187
1 13388
1 13389
2 13230
2 13231
3 13190
3 13191
2 13233
1 13394
0 13288
0 13331
3 13285
0 13372
2 13379
1 13539
2 13385
0 13418
1 13578
3 13365
0 13446
2 13452
0 13499
2 13494
3 13492
2 13536
2 13577
3 13564
1 13763
0 13633
3 13565
0 13634
1 13764
0 13635
2 13618
1 13819
1 13820
2 13659
0 13732
3 13646
1 13851
1 13852
3 13647
0 13733
2 13699
1 13894
1 13895
2 13739
2 13779
0 13879
3 13756
0 13880
3 13757
2 13818
2 13857
3 13842
3 13843
1 14071
1 14072
3 13844
0 13952
0 13953
1 14073
2 13895
2 13932
0 14025
3 13910
2 13969
2 14006
1 14215
0 14094
2 14043
0 14141
0 14142
3 14010
3 14011
1 14253
2 14078
3 14067
1 14296
3 14068
1 14297
3 14069
2 14114
3 14107
2 14150
1 14360
0 14266
2 14184
2 14218
3 14240
3 14241
0 14356
2 14249
1 14481
1 14482
1 14483
3 14281
3 14282
1 14484
1 14485
0 14401
2 14280
3 14307
0 14440
3 14309
0 14441
1 14500
3 14310
2 14311
1 14527
0 14462
2 14341
2 14369
1 14577
3 14388
3 14389
3 14390
3 14391
2 14399
0 14530
0 14531
0 14532
3 14420
1 14600
2 14428
2 14457
1 14645
1 14646
0 14579
0 14580
1 14647
3 14461
1 14648
3 14462
2 14486
0 14616
1 14663
1 14664
2 14515
0 14642
3 14498
2 14542
3 14521
3 14522
0 14676
1 14711
0 14677
3 14523
2 14567
3 14549
0 14697
0 14698
3 14550
3 14551
1 14730
3 14552
1 14731
0 14699
2 14591
0 14729
3 14570
0 14730
0 14731
3 14571
2 14616
2 14639
3 14606
1 14803
3 14607
0 14775
1 14804
1 14805
0 14776
3 14608
0 14777
2 14661
2 14682
3 14654
1 14846
0 14824
1 14847
2 14701
2 14719
3 14688
0 14864
2 14736
3 14697
3 14698
1 14879
0 14874
1 14880
3 14699
1 14881
1 14882
0 14875
1 14883
1 14884
3 14700
3 14701
3 14702
0 14880
3 14704
3 14705
0 14881
1 14890
3 14706
1 14891
2 14754
1 14905
3 14726
1 14906
