2 1241
1 1249
0 1224
2 1284
0 1269
0 1315
1 1352
1 1353
2 1360
3 1325
2 1361
0 1361
2 1417
0 1412
3 1433
1 1455
1 1456
2 1475
1 1457
0 1462
1 1509
3 1490
1 1510
3 1491
3 1492
1 1511
0 1512
3 1532
1 1557
3 1533
3 1534
0 1562
2 1609
1 1600
0 1612
1 1659
0 1662
2 1700
3 1675
2 1701
3 1676
3 1677
0 1713
3 1728
3 1729
0 1763
1 1770
0 1813
0 1863
1 1878
0 1913
3 1934
0 1963
0 2013
0 2062
1 2115
3 2098
3 2099
1 2116
0 2112
2 2169
2 2170
3 2140
2 2171
1 2152
2 2172
2 2173
0 2162
3 2212
3 2213
0 2212
2 2286
0 2262
0 2312
0 2362
3 2405
2 2433
2 2434
0 2412
1 2414
1 2415
0 2462
3 2496
3 2497
0 2512
2 2565
0 2562
3 2582
2 2596
0 2612
3 2629
3 2630
3 2631
3 2632
1 2584
3 2633
1 2585
3 2634
0 2662
2 2698
2 2699
0 2712
0 2761
3 2785
2 2783
3 2786
1 2740
3 2787
2 2784
3 2788
3 2789
0 2811
0 2861
2 2906
0 2911
0 2961
3 3035
2 3027
2 3028
0 3011
3 3076
2 3083
3 3077
0 3061
3 3129
2 3124
1 3065
2 3125
3 3130
2 3126
0 3111
3 3187
1 3141
0 3161
0 3211
1 3238
0 3261
0 3311
1 3345
3 3352
3 3353
1 3346
2 3368
2 3369
0 3361
2 3416
1 3404
2 3417
0 3412
3 3427
0 3461
1 3497
3 3481
3 3482
1 3498
0 3511
2 3561
0 3562
0 3612
1 3625
2 3627
1 3626
3 3617
3 3618
0 3662
3 3673
3 3674
2 3685
3 3675
2 3686
1 3686
3 3676
1 3687
0 3712
1 3749
3 3732
1 3750
2 3747
2 3749
2 3750
2 3752
2 3753
0 3766
2 3806
2 3807
0 3815
0 3863
2 3923
0 3910
0 3960
1 3994
0 4009
3 4033
2 4077
0 4059
3 4069
3 4070
2 4116
1 4093
0 4109
2 4171
3 4115
1 4137
3 4116
3 4117
3 4118
1 4138
3 4119
0 4159
0 4208
1 4250
2 4284
3 4230
2 4285
2 4286
2 4287
3 4231
1 4251
1 4252
2 4288
0 4258
2 4327
0 4308
1 4351
1 4352
3 4307
1 4353
1 4354
3 4308
0 4357
3 4345
3 4346
2 4400
2 4401
1 4394
0 4407
3 4425
2 4452
1 4464
1 4465
1 4466
1 4467
0 4457
0 4505
2 4576
3 4509
0 4555
2 4619
3 4560
3 4561
1 4619
0 4605
0 4654
3 4662
2 4724
2 4725
1 4710
1 4711
0 4705
3 4720
2 4783
2 4784
0 4755
0 4804
2 4903
2 4904
1 4859
0 4854
0 4904
2 5018
1 4968
1 4969
3 4934
1 4970
0 4954
2 5071
3 4989
2 5072
0 5004
1 5061
1 5062
3 5026
1 5063
0 5054
3 5063
3 5064
2 5163
3 5065
2 5164
0 5105
2 5215
0 5153
1 5202
3 5160
0 5203
3 5231
3 5232
1 5273
0 5253
1 5337
2 5383
2 5384
1 5338
1 5339
3 5285
0 5303
1 5388
2 5436
2 5437
3 5328
2 5438
1 5389
1 5390
0 5353
0 5403
2 5535
1 5492
1 5493
0 5452
1 5564
2 5591
0 5502
2 5648
0 5552
1 5657
0 5602
3 5587
0 5652
0 5702
1 5810
3 5691
2 5802
1 5811
2 5803
2 5804
3 5692
0 5752
2 5851
3 5731
3 5732
2 5852
0 5802
0 5852
0 5902
0 5952
1 6029
1 6030
3 5915
2 6031
1 6034
1 6035
0 6001
1 6107
1 6108
2 6090
3 5975
0 6051
0 6101
2 6184
2 6185
2 6186
3 6075
2 6187
3 6076
1 6187
3 6077
3 6078
0 6151
2 6224
3 6126
1 6225
2 6225
1 6226
0 6202
0 6252
2 6320
2 6321
2 6322
3 6226
1 6327
2 6323
3 6227
3 6228
0 6302
0 6351
3 6313
0 6402
2 6455
3 6370
3 6371
0 6450
2 6511
1 6521
3 6415
0 6500
0 6550
2 6607
0 6601
1 6671
3 6561
3 6562
3 6563
0 6651
1 6723
2 6700
0 6700
1 6774
0 6748
2 6785
2 6789
3 6710
2 6790
1 6821
0 6799
0 6844
0 6892
2 6933
2 6934
1 6965
3 6849
3 6850
2 6935
1 6966
0 6942
0 6986
2 7044
3 6971
2 7046
0 7037
2 7088
2 7090
1 7132
0 7085
2 7120
0 7135
2 7172
1 7240
2 7173
3 7100
2 7174
1 7241
3 7101
1 7242
1 7243
3 7102
0 7186
0 7236
1 7340
0 7285
1 7384
1 7385
0 7334
2 7369
0 7384
1 7481
3 7337
3 7338
1 7483
1 7484
3 7339
3 7340
0 7435
0 7485
2 7537
0 7535
3 7472
1 7627
3 7474
2 7580
1 7628
3 7475
0 7585
2 7627
3 7525
0 7635
2 7691
1 7730
2 7692
1 7731
3 7575
2 7693
2 7694
0 7685
3 7608
2 7734
1 7781
1 7782
0 7735
3 7669
3 7670
3 7671
1 7839
3 7672
3 7673
3 7674
1 7840
0 7785
0 7835
2 7920
2 7921
1 7963
2 7922
0 7885
1 8037
2 7987
0 7936
1 8090
2 8043
1 8091
2 8044
1 8092
1 8093
3 7911
3 7912
1 8094
2 8045
1 8095
2 8046
0 7986
2 8097
0 8036
3 7997
1 8193
3 7998
1 8194
2 8143
1 8195
0 8086
3 8057
3 8058
1 8254
2 8207
2 8208
0 8136
2 8253
2 8254
0 8186
0 8236
1 8407
3 8214
0 8286
0 8336
3 8300
0 8386
0 8435
1 8595
1 8596
1 8597
1 8598
3 8401
2 8549
2 8550
1 8599
1 8600
2 8551
1 8601
3 8402
1 8602
0 8485
0 8535
3 8510
1 8722
0 8585
0 8635
1 8836
0 8686
1 8884
2 8843
1 8885
0 8736
2 8903
3 8734
2 8904
1 8953
0 8786
3 8789
0 8835
1 9050
0 8885
2 9031
0 8935
2 9087
0 8985
0 9035
2 9201
0 9085
3 9068
3 9069
2 9248
1 9287
3 9070
0 9136
0 9186
2 9359
0 9235
2 9405
3 9234
1 9432
2 9406
2 9407
1 9433
0 9285
0 9334
0 9383
3 9379
1 9593
2 9539
0 9432
3 9416
1 9640
2 9586
2 9587
0 9481
1 9688
1 9689
0 9530
1 9734
2 9679
0 9579
1 9778
2 9724
1 9779
2 9725
2 9726
3 9559
3 9560
0 9628
1 9821
2 9766
3 9586
0 9677
2 9823
3 9640
0 9726
1 9929
0 9775
0 9824
3 9808
3 9809
0 9873
3 9860
2 10067
3 9861
2 10068
0 9922
0 9971
1 10156
1 10157
3 9945
1 10158
1 10159
0 10020
0 10068
1 10231
2 10210
2 10211
3 10021
2 10212
2 10213
2 10214
3 10022
3 10023
0 10117
2 10254
3 10064
0 10166
3 10116
2 10291
3 10117
3 10118
2 10292
2 10293
1 10321
0 10215
2 10348
1 10372
3 10162
2 10349
0 10264
0 10313
3 10242
3 10243
2 10420
2 10421
2 10422
2 10423
2 10424
2 10425
1 10449
3 10244
0 10362
0 10411
2 10517
0 10460
0 10509
1 10646
2 10606
0 10558
3 10468
3 10469
1 10712
2 10659
0 10607
0 10656
0 10704
3 10598
0 10752
2 10877
3 10633
3 10636
3 10637
0 10800
2 10916
2 10917
2 10918
1 10940
1 10941
0 10848
2 10963
0 10896
1 11053
0 10944
3 10857
3 10858
3 10859
3 10860
2 11079
0 10992
0 11040
3 10955
1 11202
1 11203
3 10956
3 10957
0 11088
3 11003
1 11248
3 11004
1 11249
0 11136
3 11037
0 11184
1 11335
2 11297
3 11088
3 11089
3 11090
0 11232
2 11348
1 11396
2 11349
0 11279
2 11392
0 11325
3 11247
3 11248
3 11249
3 11251
1 11501
2 11441
0 11372
3 11285
0 11419
2 11522
3 11332
2 11523
2 11524
2 11525
3 11333
3 11334
1 11591
0 11466
3 11382
0 11511
3 11432
2 11627
3 11433
2 11628
3 11434
3 11435
3 11436
0 11559
3 11478
0 11606
0 11653
3 11578
3 11579
0 11700
0 11747
0 11794
2 11906
0 11840
2 11949
2 11952
2 11953
0 11886
2 11991
0 11932
2 12040
2 12041
0 11978
1 12090
3 11880
3 11881
3 11882
0 12024
3 11930
3 11931
1 12147
3 11932
2 12112
3 11933
2 12113
2 12114
0 12069
1 12191
1 12192
0 12115
1 12217
3 12026
3 12027
3 12028
3 12029
2 12179
3 12030
2 12180
1 12218
1 12219
1 12220
0 12163
1 12260
3 12074
0 12209
3 12128
0 12255
2 12306
2 12307
3 12184
3 12185
2 12308
3 12186
2 12309
2 12310
2 12311
1 12356
1 12357
1 12358
2 12312
2 12313
1 12359
3 12187
2 12314
1 12360
3 12188
2 12315
3 12189
3 12190
1 12361
2 12316
0 12301
2 12347
3 12228
2 12348
1 12397
0 12347
3 12284
0 12393
3 12324
2 12454
1 12509
2 12455
3 12325
1 12510
2 12456
1 12511
2 12457
2 12458
1 12512
3 12326
1 12513
1 12514
0 12439
2 12492
3 12367
0 12485
1 12622
3 12420
0 12531
1 12672
0 12577
1 12720
1 12721
3 12511
0 12623
1 12784
3 12574
3 12575
3 12576
3 12577
0 12669
2 12728
3 12632
1 12840
1 12841
0 12715
1 12878
0 12759
1 12923
3 12719
0 12804
1 12971
3 12771
2 12855
2 12858
1 12972
1 12973
1 12974
0 12850
0 12895
1 13063
2 12940
3 12848
1 13064
1 13065
3 12849
0 12940
3 12887
2 12975
2 12976
0 12984
1 13156
0 13027
2 13051
0 13070
2 13088
2 13090
0 13114
2 13132
3 13083
1 13277
2 13137
1 13284
3 13087
0 13163
0 13206
3 13156
2 13195
0 13248
1 13393
0 13289
3 13245
1 13433
1 13434
2 13288
3 13246
2 13289
1 13435
2 13290
2 13291
1 13436
1 13437
2 13292
1 13438
3 13249
2 13294
1 13439
3 13251
3 13252
0 13334
0 13376
2 13386
1 13548
1 13549
1 13550
1 13551
3 13339
0 13421
3 13367
3 13368
0 13448
2 13453
2 13495
3 13493
1 13692
3 13494
1 13693
3 13495
2 13537
3 13541
2 13579
0 13636
1 13765
3 13566
1 13766
0 13637
2 13620
2 13660
1 13853
3 13648
3 13649
0 13734
1 13854
0 13735
2 13700
2 13740
2 13780
0 13881
1 13978
1 13979
2 13820
1 14018
2 13859
2 13897
1 14107
1 14108
1 14109
3 13886
0 13989
1 14110
0 13990
3 13887
1 14111
1 14112
2 13935
0 14028
1 14141
2 13971
3 13935
2 14008
1 14217
3 13963
0 14095
1 14218
3 13964
3 13965
2 14045
0 14144
0 14145
3 14017
2 14080
0 14182
0 14183
0 14184
0 14185
3 14070
2 14116
3 14108
0 14217
2 14152
3 14152
1 14363
3 14153
3 14154
2 14187
3 14205
3 14206
1 14411
2 14222
3 14245
0 14359
2 14252
3 14284
2 14283
2 14314
3 14336
3 14337
1 14528
3 14338
2 14343
1 14555
2 14375
1 14582
1 14583
1 14584
3 14400
0 14515
3 14401
0 14516
3 14402
3 14403
3 14404
2 14406
2 14435
2 14464
2 14493
1 14669
0 14620
1 14670
2 14519
0 14647
2 14546
3 14527
2 14571
2 14595
0 14733
3 14573
1 14756
1 14757
2 14619
3 14585
2 14640
0 14778
2 14662
3 14638
2 14680
1 14848
0 14825
1 14849
1 14850
3 14655
0 14826
2 14702
3 14678
0 14849
2 14720
2 14737
0 14873
3 14703
0 14877
0 14879
2 14752
2 14764
1 14923
2 14775
2 14787
3 14764
1 14943
1 14944
0 14918
1 14945
0 14919
0 14920
3 14765
2 14798
2 14808
3 14789
2 14818
3 14797
1 14968
3 14798
0 14954
0 14958
3 14802
0 14959
2 14829
3 14815
2 14838
0 14974
0 14975
0 14976
1 14984
3 14825
2 14847
2 14856
2 14866
0 14991
3 14841
0 14992
2 14874
0 14999
3 14844
3 14845
1 15007
1 15008
1 15009
1 15012
2 14884
2 14891
3 14863
1 15021
3 14864
2 14898
2 14905
3 14875
3 14876
2 14912
3 14881
1 15033
1 15034
1 15035
0 15025
2 14918
1 15038
3 14883
1 15039
2 14923
1 15042
2 14928
3 14889
1 15046
2 14932
1 15049
2 14935
3 14894
3 14895
2 14936
3 14896
1 15053
2 14937
0 15042
