2 189
0 202
2 199
0 208
3 191
3 192
0 214
2 209
2 210
2 211
3 198
3 199
3 200
2 213
3 205
1 214
0 221
0 227
3 221
2 227
3 222
1 227
2 228
1 228
3 223
3 224
3 225
0 234
1 243
0 240
0 246
0 252
1 265
3 248
3 249
3 250
3 251
1 270
2 258
0 261
2 262
3 257
2 263
2 264
2 265
1 274
3 258
2 267
1 275
0 267
1 279
3 264
0 274
1 288
2 278
0 281
3 284
2 288
1 301
1 302
1 303
2 289
1 305
0 288
1 316
1 317
0 295
3 295
2 309
2 310
2 311
2 312
3 296
0 304
0 311
2 324
3 316
0 319
1 348
1 349
1 350
1 351
1 352
3 323
2 334
3 324
2 335
2 336
3 325
2 337
1 353
2 338
3 326
3 327
1 354
3 328
2 339
1 355
3 329
3 330
1 356
2 340
3 331
1 357
3 332
1 358
2 341
0 328
3 342
0 337
1 375
2 361
0 346
2 365
2 366
0 355
2 375
3 364
2 376
3 365
3 366
1 395
3 368
1 396
3 369
3 370
3 371
2 379
0 367
1 407
2 398
2 399
3 381
2 406
2 407
0 383
0 394
2 429
1 437
2 435
0 409
0 418
1 456
0 431
2 457
1 466
3 444
3 445
3 446
3 447
1 471
2 461
3 450
1 474
3 452
3 453
1 475
0 450
1 490
0 463
3 470
3 471
0 471
2 490
0 480
0 492
2 515
0 501
3 505
2 528
0 509
1 543
1 546
0 528
3 533
3 534
3 535
0 543
2 561
0 560
1 587
1 590
0 580
3 586
3 587
2 596
2 597
1 620
3 588
0 598
0 617
2 639
3 629
0 639
1 686
2 663
1 687
2 664
0 662
0 683
0 706
2 739
3 731
2 740
3 732
0 730
3 754
0 751
2 787
3 790
3 791
3 792
1 803
0 778
2 809
3 822
2 810
2 811
2 812
1 841
2 819
2 820
3 831
3 832
3 833
3 835
1 849
2 826
1 855
0 827
0 848
1 899
3 894
2 889
2 890
3 895
1 919
1 943
3 952
3 953
1 959
0 951
0 978
1 1012
3 1023
1 1020
0 1016
2 1061
2 1066
3 1063
1 1062
0 1059
0 1098
2 1149
3 1144
0 1138
1 1195
2 1186
1 1196
1 1197
1 1198
0 1179
1 1248
2 1240
0 1223
2 1283
1 1276
2 1285
0 1270
2 1326
1 1315
3 1287
2 1327
1 1316
2 1328
0 1316
2 1362
3 1326
2 1363
3 1327
1 1354
3 1328
2 1364
3 1329
0 1362
1 1407
0 1410
0 1460
0 1510
3 1528
3 1529
1 1553
0 1560
0 1610
0 1660
0 1710
3 1724
2 1750
1 1729
1 1730
3 1725
0 1760
1 1764
1 1765
3 1773
3 1774
2 1794
1 1767
2 1795
2 1796
3 1775
2 1797
0 1810
0 1860
1 1877
0 1910
3 1932
2 1962
2 1963
0 1960
3 1980
3 1981
1 1990
1 1991
2 2012
3 1983
1 1992
2 2014
0 2011
1 2057
0 2061
2 2135
2 2136
1 2114
0 2111
0 2161
2 2236
2 2237
3 2210
1 2201
3 2211
2 2238
0 2211
1 2246
0 2261
2 2317
2 2318
1 2280
0 2310
1 2327
0 2361
0 2410
3 2441
2 2469
2 2470
1 2413
0 2460
2 2512
0 2510
1 2506
2 2564
0 2560
0 2610
3 2626
2 2648
3 2627
2 2649
0 2660
0 2710
2 2737
1 2694
2 2738
2 2739
3 2729
1 2695
1 2696
3 2730
3 2731
1 2697
0 2760
3 2781
3 2782
3 2783
3 2784
0 2810
3 2845
2 2840
1 2792
1 2793
3 2846
0 2860
1 2844
3 2916
3 2917
0 2908
2 2947
2 2948
1 2883
3 2970
3 2971
2 2949
2 2950
0 2958
2 3023
3 3030
2 3024
1 2950
1 2951
2 3025
1 2952
3 3031
3 3032
1 2953
3 3033
2 3026
1 2954
3 3034
0 3008
1 3003
1 3004
2 3080
0 3058
1 3052
1 3053
1 3054
2 3120
0 3108
1 3139
3 3185
0 3158
2 3211
2 3212
2 3213
0 3208
0 3258
3 3305
1 3286
2 3313
1 3287
2 3314
1 3288
1 3289
2 3315
1 3290
2 3316
1 3291
2 3317
3 3306
2 3318
3 3307
3 3308
1 3292
2 3319
1 3293
1 3294
1 3295
2 3320
0 3308
0 3357
2 3411
0 3407
2 3448
0 3457
0 3507
1 3533
2 3553
1 3534
3 3517
0 3557
0 3607
1 3620
3 3606
3 3607
3 3608
0 3657
1 3684
0 3707
1 3735
3 3725
1 3736
2 3740
1 3740
1 3741
1 3742
1 3743
0 3755
2 3798
3 3767
0 3805
2 3849
1 3838
0 3855
1 3878
1 3880
1 3881
3 3874
3 3875
1 3882
0 3898
0 3947
1 3981
2 4029
0 3997
2 4061
2 4062
3 4025
0 4047
1 4078
1 4079
0 4097
0 4147
2 4211
2 4212
1 4174
1 4175
1 4176
0 4197
3 4216
0 4247
0 4297
0 4347
0 4396
1 4447
2 4442
3 4403
1 4449
0 4445
3 4456
3 4457
0 4496
3 4497
0 4546
3 4547
2 4608
3 4550
3 4551
1 4612
0 4596
2 4658
0 4646
1 4695
1 4696
2 4708
2 4709
0 4696
1 4752
1 4753
1 4754
3 4709
1 4755
1 4756
2 4775
2 4776
2 4777
2 4778
2 4779
1 4759
0 4747
2 4837
1 4802
3 4756
0 4797
0 4847
2 4960
2 4961
0 4898
2 5007
3 4921
3 4922
3 4923
2 5008
1 4955
3 4924
0 4948
1 5007
3 4979
3 4980
3 4982
0 4999
1 5055
0 5048
2 5155
3 5057
1 5089
2 5156
0 5098
3 5106
3 5107
0 5148
0 5198
2 5324
0 5247
2 5377
2 5378
2 5379
1 5332
3 5280
2 5380
0 5297
1 5381
2 5426
0 5348
1 5437
2 5487
3 5369
1 5438
0 5397
2 5524
2 5525
0 5447
2 5580
2 5581
1 5556
3 5474
2 5585
0 5497
0 5547
1 5653
0 5597
1 5700
3 5586
0 5647
1 5760
1 5761
3 5649
0 5697
1 5805
3 5690
1 5806
2 5796
2 5797
2 5798
0 5747
3 5727
1 5840
2 5844
2 5845
1 5841
0 5797
2 5876
3 5761
0 5847
3 5830
2 5929
2 5930
3 5831
0 5897
0 5947
0 5997
2 6084
1 6093
3 5964
3 5965
0 6047
3 6032
0 6098
0 6148
2 6221
2 6222
3 6122
1 6221
3 6124
0 6199
2 6264
2 6265
3 6175
0 6249
1 6324
3 6223
3 6224
1 6325
0 6299
0 6349
3 6311
0 6399
2 6449
2 6453
2 6458
2 6460
0 6454
2 6522
3 6417
2 6523
3 6418
2 6524
1 6528
0 6505
0 6555
3 6524
2 6613
3 6526
0 6605
2 6645
1 6673
1 6674
0 6655
1 6725
2 6703
1 6727
3 6619
3 6620
3 6621
2 6704
3 6622
2 6705
0 6707
3 6682
2 6758
1 6789
1 6790
3 6684
1 6791
1 6792
0 6758
0 6808
0 6851
3 6811
2 6897
3 6812
1 6925
1 6926
2 6899
2 6900
0 6902
1 6974
1 6975
2 6942
0 6951
3 6923
2 7006
0 7000
0 7048
1 7145
2 7097
0 7099
0 7148
2 7184
0 7197
2 7236
2 7237
0 7248
3 7207
1 7350
2 7294
3 7208
0 7298
1 7396
2 7340
3 7246
3 7247
1 7397
0 7348
2 7379
3 7296
2 7380
2 7381
0 7398
2 7433
3 7352
3 7353
1 7497
0 7449
1 7554
0 7499
1 7590
3 7428
3 7429
2 7550
2 7551
3 7430
0 7549
3 7491
2 7598
0 7599
1 7693
0 7649
2 7704
1 7743
3 7583
1 7744
0 7699
1 7796
1 7797
1 7798
2 7749
1 7799
3 7627
2 7750
2 7751
0 7749
3 7691
1 7853
3 7692
3 7693
1 7854
3 7694
0 7800
2 7877
2 7878
3 7766
3 7767
1 7917
1 7918
3 7768
3 7769
0 7850
3 7827
2 7943
0 7900
1 8055
1 8056
1 8057
2 8001
3 7880
0 7949
3 7918
1 8106
0 7999
1 8160
0 8049
0 8099
0 8148
3 8132
1 8320
0 8198
1 8366
2 8301
1 8367
1 8368
3 8172
2 8302
3 8173
1 8369
1 8370
1 8371
0 8248
0 8298
0 8348
2 8448
1 8510
3 8312
0 8399
3 8364
2 8510
0 8449
1 8616
2 8568
3 8410
3 8411
3 8412
0 8499
3 8470
1 8687
1 8688
3 8471
0 8549
2 8693
0 8599
2 8751
2 8752
1 8795
3 8596
3 8597
3 8598
3 8599
1 8796
0 8649
0 8698
0 8748
3 8749
3 8750
1 8966
0 8798
0 8848
1 9063
0 8898
2 9045
3 8864
2 9047
0 8948
0 8998
3 8966
0 9048
1 9240
2 9214
3 9033
2 9215
1 9241
0 9098
1 9296
0 9149
2 9319
3 9132
1 9349
0 9199
2 9367
3 9191
3 9192
3 9193
0 9248
0 9297
1 9493
1 9494
1 9495
3 9295
3 9296
0 9346
3 9352
1 9570
2 9514
1 9571
3 9353
3 9354
0 9396
2 9554
1 9603
1 9604
2 9555
1 9605
1 9606
1 9607
0 9445
0 9494
1 9700
3 9484
1 9701
2 9649
1 9702
0 9543
0 9592
0 9641
1 9831
3 9597
2 9779
2 9780
1 9832
0 9690
3 9662
2 9848
3 9663
0 9739
1 9934
3 9712
3 9713
2 9896
2 9897
1 9935
3 9714
1 9936
3 9716
3 9717
3 9718
3 9719
0 9789
2 9969
3 9763
2 9970
0 9838
0 9887
0 9935
1 10137
3 9922
1 10138
1 10139
2 10118
3 9923
0 9984
2 10144
3 9954
2 10145
1 10167
0 10033
3 9984
0 10082
0 10131
1 10278
0 10180
0 10229
1 10385
3 10175
3 10176
0 10277
1 10432
0 10326
0 10375
3 10298
2 10479
0 10425
3 10339
1 10557
0 10474
2 10580
0 10523
2 10616
1 10657
2 10617
0 10572
3 10482
3 10483
0 10621
0 10669
0 10717
0 10765
3 10650
3 10651
3 10652
3 10653
0 10813
0 10861
0 10909
2 11035
1 11066
2 11036
0 10957
3 10872
3 10873
1 11118
3 10874
1 11119
0 11005
3 10919
0 11054
3 10973
0 11102
3 11015
3 11016
0 11150
2 11261
1 11302
3 11052
0 11198
2 11307
3 11103
3 11104
3 11105
2 11311
0 11247
3 11160
0 11293
1 11465
3 11213
0 11340
0 11387
2 11492
3 11302
0 11434
1 11610
1 11611
2 11550
1 11612
1 11613
3 11348
1 11614
1 11615
0 11481
1 11661
3 11401
3 11402
3 11403
3 11404
2 11597
1 11662
3 11405
1 11663
3 11406
1 11664
2 11598
2 11599
0 11528
3 11448
1 11710
3 11449
1 11711
1 11712
3 11450
0 11576
1 11743
2 11692
2 11693
1 11744
3 11492
0 11624
0 11671
2 11789
1 11829
1 11830
1 11831
1 11832
0 11718
2 11830
0 11765
0 11811
2 11916
3 11709
0 11858
0 11904
2 12009
3 11807
1 12019
3 11808
2 12010
0 11950
0 11996
3 11906
2 12089
2 12090
0 12042
0 12088
0 12134
1 12239
3 12050
0 12180
0 12226
2 12277
1 12321
3 12138
0 12272
3 12203
3 12204
2 12335
2 12336
3 12205
1 12380
0 12318
2 12362
0 12363
2 12421
0 12409
2 12473
1 12526
1 12527
2 12474
3 12341
0 12455
1 12572
1 12573
2 12513
1 12574
1 12575
2 12514
1 12576
1 12579
3 12392
2 12516
1 12580
1 12581
0 12502
3 12427
1 12640
3 12428
1 12641
1 12642
1 12643
0 12548
0 12594
1 12747
1 12748
1 12749
1 12750
0 12639
0 12685
3 12644
0 12730
1 12897
1 12898
1 12900
2 12786
0 12775
1 12932
0 12819
0 12863
2 12898
3 12815
3 12816
3 12817
2 12899
2 12900
2 12902
1 13030
3 12818
1 13031
2 12903
1 13032
1 13033
1 13034
3 12819
3 12820
2 12904
3 12821
0 12910
3 12865
1 13085
1 13086
0 12954
0 12998
1 13170
3 12950
2 13031
1 13171
0 13041
