3 1383
2 1414
3 1384
3 1385
2 1415
0 1406
3 1432
0 1456
0 1506
1 1547
1 1548
3 1524
2 1555
3 1525
0 1556
2 1600
2 1601
1 1598
2 1602
3 1581
0 1606
1 1645
1 1646
3 1629
1 1647
3 1630
1 1648
0 1656
3 1668
0 1705
3 1717
2 1743
1 1721
0 1754
2 1787
3 1759
3 1760
0 1804
2 1839
1 1805
2 1840
3 1827
1 1806
1 1807
0 1854
0 1904
3 1921
1 1932
2 1953
1 1933
0 1954
1 1988
3 1975
3 1976
1 1989
3 1977
2 2009
3 1978
0 2004
3 2028
1 2046
1 2047
3 2029
3 2030
0 2054
0 2104
3 2137
0 2154
1 2198
2 2230
3 2205
1 2199
2 2231
2 2232
0 2204
1 2236
2 2278
3 2253
1 2237
1 2238
1 2239
3 2254
0 2254
3 2289
2 2312
1 2276
0 2304
1 2319
2 2371
1 2320
2 2372
1 2321
3 2338
3 2339
3 2340
3 2341
1 2322
0 2354
0 2404
3 2435
1 2406
1 2407
1 2408
2 2462
0 2454
0 2503
0 2553
3 2579
2 2592
1 2541
1 2542
1 2543
0 2604
1 2573
3 2614
0 2654
1 2636
3 2678
2 2690
1 2637
0 2704
1 2692
0 2754
0 2804
3 2830
2 2832
0 2853
1 2838
3 2905
2 2889
2 2890
3 2906
0 2903
2 2942
0 2953
2 3011
2 3012
2 3013
1 2941
3 3021
2 3014
1 2942
3 3022
2 3015
2 3016
1 2943
1 2944
3 3023
0 3003
0 3053
3 3114
3 3115
2 3115
2 3116
3 3116
2 3117
3 3117
1 3041
0 3103
2 3175
3 3180
3 3181
0 3153
0 3203
0 3253
0 3303
1 3341
2 3365
1 3342
0 3354
1 3398
1 3399
0 3404
3 3424
0 3454
0 3504
0 3554
1 3571
1 3572
2 3593
3 3560
0 3605
0 3655
2 3683
0 3705
2 3738
0 3754
1 3789
1 3790
0 3804
2 3847
2 3848
0 3854
3 3872
0 3897
2 3973
3 3928
3 3929
2 3974
1 3933
3 3930
2 3975
2 3976
2 3977
2 3978
0 3948
3 3984
2 4030
2 4031
2 4032
1 3982
1 3983
2 4033
0 3998
0 4048
2 4105
3 4058
3 4059
2 4106
0 4098
3 4107
3 4108
3 4109
0 4148
3 4163
2 4213
0 4198
1 4233
3 4217
0 4248
2 4319
0 4298
0 4348
0 4397
1 4451
0 4447
2 4503
0 4497
0 4547
1 4610
3 4548
0 4595
3 4595
2 4657
1 4648
3 4596
3 4597
1 4649
3 4598
3 4599
0 4645
0 4695
3 4708
3 4710
1 4757
1 4758
3 4711
0 4745
1 4798
1 4799
2 4831
2 4832
2 4833
3 4751
0 4794
2 4893
2 4895
1 4847
2 4896
1 4848
3 4815
1 4849
3 4816
3 4817
0 4845
2 4959
0 4895
1 4952
2 5005
1 4953
3 4919
0 4945
1 5005
3 4976
0 4995
0 5045
3 5056
0 5095
1 5134
1 5136
3 5101
3 5102
2 5199
2 5200
0 5145
1 5194
1 5195
0 5195
1 5261
0 5244
1 5326
1 5329
1 5330
1 5331
3 5275
3 5276
3 5277
2 5375
3 5278
3 5279
0 5295
2 5425
0 5345
3 5365
2 5486
3 5366
1 5434
1 5435
1 5436
3 5367
0 5396
1 5482
1 5483
2 5521
1 5484
3 5411
3 5412
3 5413
2 5522
1 5485
1 5486
1 5487
2 5523
0 5446
0 5495
2 5634
3 5510
3 5513
2 5637
1 5612
2 5638
0 5545
1 5649
2 5673
1 5650
0 5595
3 5585
2 5706
0 5645
2 5750
0 5696
0 5746
1 5839
0 5796
1 5866
1 5867
2 5875
1 5868
3 5758
1 5869
1 5870
3 5759
3 5760
0 5846
3 5828
1 5924
3 5829
0 5896
2 5980
1 5977
3 5881
3 5882
1 5978
1 5981
1 5982
3 5885
2 5983
3 5886
3 5887
2 5984
0 5946
3 5910
2 6030
3 5911
3 5912
1 6023
1 6024
3 5913
0 5996
1 6092
0 6046
2 6144
2 6145
0 6096
3 6073
2 6183
3 6074
0 6146
3 6119
3 6120
1 6220
0 6196
3 6164
0 6246
0 6296
1 6362
1 6363
1 6364
1 6365
0 6347
0 6397
2 6446
1 6467
2 6448
1 6471
1 6472
3 6365
2 6452
2 6457
1 6484
1 6485
2 6463
3 6374
3 6375
2 6466
2 6469
1 6486
1 6487
2 6473
2 6475
2 6476
2 6478
3 6379
3 6380
2 6479
0 6465
3 6426
0 6515
0 6565
2 6622
3 6536
3 6537
0 6615
2 6656
3 6573
0 6665
1 6736
2 6714
1 6737
1 6738
0 6715
0 6765
0 6815
1 6890
3 6779
0 6858
1 6928
3 6816
0 6908
3 6865
0 6956
2 7010
3 6929
1 7044
1 7045
3 6930
3 6931
3 6932
2 7012
3 6937
2 7013
0 7009
2 7068
0 7057
0 7107
3 7061
1 7198
3 7062
1 7199
2 7134
0 7155
0 7205
2 7245
0 7255
0 7305
1 7404
1 7405
0 7354
2 7383
0 7404
2 7441
3 7356
1 7502
1 7503
2 7442
2 7443
2 7444
1 7504
0 7454
2 7506
2 7507
2 7508
0 7504
3 7431
2 7553
2 7556
3 7435
3 7436
1 7591
2 7557
1 7592
0 7556
0 7605
1 7697
1 7698
2 7645
3 7537
3 7538
3 7539
0 7655
1 7752
1 7753
1 7754
1 7755
0 7705
2 7754
0 7755
2 7804
3 7700
3 7701
3 7702
0 7805
1 7923
3 7771
0 7853
0 7903
3 7886
3 7887
3 7888
0 7953
2 8057
2 8058
1 8117
0 8003
2 8118
1 8166
1 8167
1 8168
0 8053
2 8158
3 8015
3 8016
3 8017
2 8159
2 8160
1 8212
3 8018
1 8213
0 8103
0 8153
3 8135
2 8266
1 8324
0 8202
0 8252
0 8302
0 8352
3 8316
3 8317
1 8517
2 8456
0 8401
0 8451
2 8570
1 8619
0 8501
2 8641
0 8551
2 8695
1 8739
3 8526
2 8696
0 8601
3 8603
0 8651
3 8643
0 8700
0 8750
1 8971
3 8755
2 8922
2 8923
3 8756
2 8924
2 8925
0 8801
0 8851
1 9067
0 8901
0 8951
1 9138
2 9100
1 9139
1 9140
3 8920
2 9101
2 9102
2 9103
3 8921
2 9104
0 9002
2 9156
0 9052
0 9102
3 9085
2 9266
3 9086
0 9152
1 9353
0 9202
2 9368
3 9194
2 9369
1 9403
3 9195
3 9197
1 9404
0 9251
3 9246
1 9445
2 9414
2 9415
3 9247
0 9300
0 9349
2 9516
3 9355
3 9356
3 9357
3 9358
2 9517
3 9359
2 9518
0 9399
2 9559
3 9390
3 9391
0 9448
1 9652
1 9654
3 9426
3 9427
2 9593
2 9594
1 9655
1 9656
2 9595
1 9657
0 9499
2 9653
2 9654
0 9548
0 9597
2 9737
1 9793
0 9646
3 9611
0 9695
0 9744
1 9942
1 9943
2 9906
2 9907
3 9721
1 9945
0 9794
3 9766
3 9767
0 9843
2 10042
1 10065
1 10066
3 9833
0 9892
1 10100
3 9876
2 10084
1 10101
0 9941
3 9927
1 10142
3 9928
2 10122
3 9929
2 10123
0 9990
0 10039
2 10176
1 10208
1 10209
2 10177
2 10178
2 10179
0 10089
0 10138
1 10290
1 10291
0 10187
2 10313
1 10344
2 10314
0 10236
0 10285
2 10402
1 10437
3 10225
0 10333
2 10437
1 10462
2 10438
2 10439
3 10252
0 10383
0 10432
1 10563
1 10564
2 10530
3 10341
0 10481
2 10583
3 10393
3 10394
1 10616
0 10531
0 10580
1 10741
3 10490
3 10491
2 10686
2 10687
3 10492
1 10742
2 10688
2 10689
1 10743
2 10691
0 10630
0 10678
1 10825
0 10726
3 10611
0 10774
0 10822
3 10712
3 10713
0 10870
1 11025
2 10979
2 10980
0 10918
0 10966
0 11015
1 11176
0 11063
2 11185
3 10981
2 11186
0 11111
0 11159
3 11066
0 11208
1 11361
2 11317
1 11362
3 11111
3 11112
1 11363
2 11318
2 11319
3 11113
1 11364
0 11256
3 11173
2 11374
1 11429
1 11430
1 11431
3 11174
0 11303
3 11223
1 11478
2 11425
0 11350
0 11397
3 11310
2 11496
3 11311
2 11497
1 11570
2 11498
2 11499
3 11312
2 11500
1 11571
3 11313
3 11314
1 11572
0 11444
3 11360
3 11361
1 11629
0 11491
0 11538
3 11456
1 11715
1 11716
1 11717
3 11457
1 11718
1 11719
0 11586
0 11633
3 11550
2 11750
1 11797
2 11751
0 11679
0 11726
1 11863
1 11866
0 11773
3 11665
2 11880
1 11896
1 11897
2 11881
3 11666
3 11667
0 11820
0 11867
0 11913
3 11818
2 12021
0 11959
2 12059
0 12004
1 12124
0 12050
1 12173
2 12136
0 12095
2 12170
0 12141
0 12188
1 12275
0 12234
3 12151
1 12332
2 12286
2 12287
0 12280
1 12386
3 12214
3 12215
0 12326
2 12373
1 12425
0 12374
0 12420
0 12466
1 12589
0 12512
3 12444
3 12445
1 12652
2 12569
3 12446
3 12447
0 12558
0 12603
1 12763
3 12548
1 12764
3 12549
3 12550
3 12551
2 12659
0 12649
1 12820
3 12605
3 12606
1 12821
0 12695
1 12861
2 12750
1 12862
2 12751
2 12752
2 12753
0 12740
3 12693
2 12794
3 12694
0 12785
1 12948
3 12750
1 12949
2 12833
0 12829
1 12998
1 12999
1 13000
0 12874
0 12920
2 12959
2 12960
3 12871
1 13100
2 12961
1 13101
0 12964
2 12997
0 13007
3 12961
2 13040
2 13042
2 13043
1 13182
3 12962
1 13183
3 12963
1 13184
0 13052
2 13068
2 13069
0 13094
2 13110
3 13062
3 13063
0 13139
3 13101
1 13299
0 13182
3 13131
3 13132
2 13180
1 13333
1 13334
3 13136
3 13137
1 13336
0 13226
3 13175
3 13176
0 13268
2 13268
0 13310
3 13265
2 13306
1 13461
1 13462
3 13271
1 13468
2 13314
3 13273
3 13274
3 13275
3 13276
1 13473
2 13317
3 13279
0 13362
1 13526
0 13404
2 13413
1 13580
1 13581
0 13449
3 13405
3 13406
2 13454
1 13641
0 13500
0 13501
3 13438
3 13439
1 13642
1 13643
3 13440
0 13502
2 13496
3 13496
0 13543
0 13544
0 13545
1 13694
0 13546
2 13538
1 13734
2 13580
2 13621
2 13662
1 13855
2 13702
3 13693
1 13898
2 13742
0 13830
3 13736
0 13831
0 13832
0 13833
2 13782
1 13980
2 13821
2 13860
3 13846
0 13954
1 14074
0 13955
0 13956
2 13898
2 13936
3 13911
1 14142
0 14029
0 14030
1 14143
0 14031
2 13972
0 14064
0 14065
2 14009
2 14046
1 14259
3 14018
3 14019
0 14146
0 14147
3 14020
0 14148
1 14260
0 14149
0 14150
2 14082
2 14119
3 14111
2 14155
0 14269
3 14158
1 14366
3 14159
1 14367
0 14270
3 14160
3 14161
0 14271
2 14190
1 14412
3 14208
1 14413
3 14209
0 14315
2 14224
1 14453
1 14454
2 14255
2 14285
3 14317
2 14316
0 14463
3 14339
1 14531
2 14346
2 14376
0 14517
2 14405
1 14605
0 14539
3 14423
1 14606
0 14540
1 14607
2 14434
0 14563
2 14463
0 14587
0 14588
0 14589
0 14590
2 14492
1 14668
0 14619
2 14520
2 14547
0 14681
2 14572
1 14734
1 14735
3 14555
1 14736
3 14556
3 14557
0 14707
2 14596
1 14758
0 14734
2 14620
1 14779
0 14749
0 14750
2 14641
3 14609
2 14663
0 14804
2 14683
3 14656
1 14853
1 14854
1 14855
2 14703
0 14850
0 14851
1 14865
2 14721
2 14738
1 14885
1 14886
2 14750
0 14886
2 14765
2 14776
3 14752
1 14931
0 14904
2 14788
1 14946
0 14921
0 14922
0 14923
1 14947
3 14766
3 14767
3 14768
2 14800
3 14776
0 14934
1 14957
0 14935
1 14958
3 14777
0 14936
1 14959
0 14937
3 14778
2 14811
1 14961
0 14947
1 14962
2 14821
0 14957
3 14799
1 14970
3 14800
3 14801
2 14832
3 14821
0 14970
1 14981
1 14982
2 14841
1 14986
1 14987
0 14978
1 14988
1 14989
1 14990
2 14852
3 14835
1 14996
1 14997
1 14998
1 14999
2 14860
2 14869
2 14878
3 14851
3 14852
3 14853
3 14855
3 14856
3 14857
1 15013
2 14888
1 15020
2 14897
3 14869
2 14904
0 15020
2 14911
