2 369
1 385
3 360
3 361
2 370
0 358
3 372
2 380
1 397
2 381
1 398
1 399
0 368
1 408
2 401
2 402
1 410
2 403
1 411
2 404
0 378
2 409
1 413
1 414
2 410
1 416
2 412
0 390
2 424
3 401
1 432
1 433
2 426
3 403
2 427
2 428
1 435
0 403
1 448
1 451
3 433
0 425
1 461
0 438
1 476
1 478
2 466
3 454
3 455
0 453
1 492
1 500
0 479
0 491
2 514
0 500
2 526
3 502
2 527
3 503
3 504
0 507
3 512
3 513
0 521
1 552
1 553
3 528
0 536
1 564
2 554
0 551
0 568
3 563
2 580
0 586
3 599
1 628
2 607
3 600
1 629
3 601
3 602
0 606
2 625
0 627
0 648
2 673
2 674
0 671
1 719
2 692
3 693
1 723
2 697
2 698
3 697
3 699
3 700
0 700
3 724
2 725
2 726
1 749
1 752
2 735
0 726
2 768
2 775
3 772
1 791
1 792
3 773
1 793
0 766
1 819
3 807
3 808
2 801
3 810
3 811
3 813
3 814
1 828
3 816
1 831
2 805
1 838
1 845
1 850
3 843
3 844
2 827
0 823
0 843
0 859
0 870
3 900
3 901
3 902
3 903
2 897
0 884
2 906
1 934
0 919
2 946
2 947
3 959
0 935
1 975
0 973
1 1004
1 1016
0 1014
0 1046
2 1097
0 1085
1 1127
0 1124
0 1164
2 1219
2 1220
3 1211
2 1221
1 1227
1 1228
1 1229
2 1222
0 1207
0 1253
1 1300
1 1301
3 1273
3 1274
1 1302
3 1275
1 1303
3 1276
2 1308
0 1299
0 1345
1 1391
1 1392
0 1393
2 1462
0 1443
3 1471
0 1493
2 1543
1 1532
1 1533
1 1534
3 1512
1 1535
3 1513
3 1514
3 1515
1 1536
2 1544
2 1545
1 1537
1 1538
2 1546
1 1539
0 1543
1 1585
3 1566
1 1586
3 1567
2 1587
0 1593
1 1636
1 1637
2 1641
1 1638
0 1643
2 1686
0 1693
2 1731
2 1732
0 1743
2 1781
1 1755
0 1793
0 1843
1 1858
1 1859
0 1893
2 1933
3 1902
2 1934
2 1935
0 1943
0 1993
1 2023
2 2045
3 2014
3 2015
3 2016
3 2017
0 2043
3 2071
2 2114
3 2072
1 2087
3 2073
1 2088
0 2093
0 2143
3 2196
1 2190
3 2197
1 2191
2 2219
2 2220
2 2221
1 2192
0 2193
0 2243
1 2271
0 2293
0 2343
3 2377
1 2351
3 2378
0 2393
1 2403
0 2443
3 2478
1 2443
2 2497
0 2492
2 2549
2 2550
3 2542
0 2542
3 2576
0 2592
0 2642
2 2677
2 2678
1 2620
0 2691
0 2741
2 2765
3 2764
0 2791
1 2766
2 2814
0 2841
0 2891
3 2951
3 2952
3 2953
1 2873
3 2954
0 2941
1 2917
0 2991
0 3041
1 3030
2 3110
0 3092
1 3122
2 3168
0 3142
3 3224
3 3225
0 3192
3 3256
3 3257
1 3212
2 3241
2 3242
0 3242
0 3292
1 3334
1 3335
2 3356
1 3336
2 3357
0 3342
0 3391
1 3424
2 3435
1 3426
1 3427
3 3418
0 3441
3 3461
0 3491
2 3539
0 3541
3 3543
0 3591
3 3599
0 3643
3 3658
1 3660
1 3661
3 3659
2 3669
1 3662
0 3693
1 3722
2 3728
3 3708
3 3709
0 3744
2 3784
1 3781
0 3793
2 3830
0 3843
2 3900
3 3870
2 3905
2 3910
2 3916
2 3921
2 3930
2 3940
3 3895
0 3919
0 3969
0 4019
2 4086
0 4069
3 4076
1 4101
3 4077
1 4102
0 4119
1 4143
3 4131
1 4144
2 4181
1 4145
2 4182
2 4183
3 4132
0 4169
0 4219
1 4260
2 4297
1 4261
1 4262
2 4298
1 4263
2 4299
1 4264
1 4265
1 4266
3 4241
0 4269
0 4319
1 4365
0 4371
3 4367
1 4416
0 4418
1 4483
0 4468
0 4512
3 4515
2 4580
0 4562
2 4632
3 4572
0 4612
1 4658
1 4659
0 4662
3 4673
0 4712
0 4762
2 4863
1 4825
1 4826
1 4827
1 4828
0 4812
2 4918
2 4919
0 4862
0 4911
3 4944
2 5027
0 4961
0 5011
3 5029
2 5137
0 5062
3 5071
0 5112
1 5162
1 5163
3 5129
1 5164
0 5162
2 5275
2 5276
1 5212
2 5277
1 5213
1 5214
0 5212
0 5262
1 5346
2 5391
2 5392
1 5347
1 5348
1 5349
0 5312
2 5449
0 5362
3 5383
0 5412
1 5505
0 5462
0 5511
1 5621
3 5523
0 5561
3 5563
3 5564
0 5611
0 5661
0 5711
1 5813
3 5706
0 5761
3 5736
0 5811
3 5771
1 5881
3 5772
1 5882
3 5773
1 5883
3 5774
0 5861
1 5935
2 5941
0 5911
0 5961
1 6046
1 6047
3 5927
2 6051
1 6048
1 6049
3 5928
1 6050
0 6011
3 5983
2 6095
1 6113
2 6096
3 5984
3 5985
1 6114
3 5986
0 6061
3 6043
3 6044
0 6111
0 6161
0 6211
2 6276
3 6182
0 6261
3 6240
3 6241
1 6340
3 6242
2 6338
1 6341
3 6243
3 6244
0 6311
3 6282
3 6283
0 6360
2 6409
1 6411
1 6412
0 6410
2 6465
2 6468
2 6472
3 6376
1 6489
0 6458
0 6508
0 6558
2 6615
3 6529
0 6608
3 6566
2 6648
0 6658
1 6728
3 6624
1 6729
3 6625
2 6706
0 6708
3 6683
0 6757
0 6806
1 6882
2 6859
2 6866
2 6872
3 6790
0 6873
2 6912
2 6913
2 6915
1 6948
2 6918
1 6949
2 6921
1 6951
3 6835
2 6922
2 6923
0 6927
2 6973
3 6891
1 7013
2 6981
3 6896
1 7017
1 7019
2 6989
0 6982
0 7029
1 7120
2 7081
0 7079
0 7129
0 7176
2 7215
3 7137
2 7216
0 7226
2 7269
3 7186
2 7270
2 7271
2 7272
1 7327
2 7273
3 7187
1 7328
2 7274
0 7277
3 7224
2 7322
2 7326
2 7329
2 7332
0 7331
2 7368
3 7279
0 7381
3 7333
2 7418
1 7478
3 7335
0 7432
1 7536
2 7489
0 7482
2 7532
2 7533
0 7532
3 7468
0 7582
1 7676
3 7524
0 7632
1 7723
3 7573
1 7724
2 7688
2 7689
0 7682
0 7732
3 7666
2 7788
1 7834
0 7782
3 7741
3 7742
1 7894
3 7743
2 7855
1 7895
1 7896
3 7744
1 7897
1 7898
1 7899
0 7832
1 7960
0 7882
3 7870
0 7932
2 8037
2 8038
3 7908
3 7909
3 7910
2 8039
0 7982
3 7948
0 8032
0 8082
1 8248
1 8249
2 8199
2 8200
0 8132
2 8249
2 8250
0 8182
1 8357
1 8358
0 8233
2 8336
1 8402
2 8337
3 8212
1 8403
2 8338
0 8282
2 8380
3 8257
2 8381
0 8332
3 8295
3 8296
2 8430
0 8382
0 8432
1 8592
0 8482
3 8449
3 8450
2 8610
2 8611
2 8612
3 8451
1 8666
0 8532
3 8507
1 8715
2 8676
2 8677
1 8716
2 8678
0 8582
2 8723
1 8776
1 8777
3 8576
0 8632
0 8682
1 8876
3 8667
3 8668
3 8669
1 8877
0 8732
1 8946
0 8782
0 8832
3 8824
0 8882
2 9029
2 9030
1 9090
3 8854
0 8932
3 8910
3 8911
0 8982
3 8956
0 9032
2 9199
3 9004
3 9005
3 9006
2 9200
1 9223
0 9082
0 9131
3 9117
0 9181
2 9356
0 9231
0 9280
2 9441
2 9442
1 9475
0 9329
2 9504
0 9378
0 9427
2 9582
2 9583
3 9413
2 9584
0 9476
3 9456
0 9524
2 9673
0 9573
3 9551
3 9552
1 9771
0 9622
1 9815
2 9763
0 9671
1 9867
0 9720
0 9767
3 9740
3 9741
1 9972
3 9742
0 9815
2 10003
3 9787
3 9788
2 10004
1 10022
1 10023
0 9864
3 9856
0 9913
3 9893
2 10093
1 10114
1 10115
3 9894
0 9962
0 10011
1 10184
3 9968
2 10155
2 10156
0 10060
3 10015
0 10109
1 10259
3 10056
0 10156
0 10204
3 10146
1 10361
0 10253
3 10185
0 10302
2 10407
2 10408
1 10440
0 10351
0 10400
3 10330
0 10449
0 10498
0 10547
3 10459
0 10596
2 10702
1 10754
2 10703
1 10755
1 10756
0 10645
2 10759
0 10693
2 10812
1 10838
2 10813
3 10581
2 10814
1 10839
1 10840
1 10841
2 10815
1 10842
1 10843
2 10816
2 10821
3 10584
0 10741
1 10882
3 10618
0 10789
3 10683
0 10837
2 10952
2 10953
3 10729
0 10884
1 11046
3 10779
1 11047
3 10780
0 10933
3 10848
2 11068
2 11069
2 11070
0 10981
1 11140
0 11029
3 10937
0 11077
0 11125
2 11239
2 11240
1 11281
2 11241
0 11173
0 11221
0 11268
3 11183
2 11382
0 11315
3 11235
2 11431
0 11362
2 11469
2 11470
1 11540
3 11278
2 11471
1 11541
3 11279
2 11472
2 11473
1 11542
2 11474
0 11409
1 11583
0 11456
1 11641
0 11503
3 11423
3 11424
3 11425
3 11426
2 11621
3 11427
2 11622
1 11688
3 11428
3 11429
0 11550
1 11732
2 11669
2 11670
0 11597
3 11515
0 11644
1 11803
2 11766
0 11690
2 11803
0 11737
1 11873
1 11874
3 11639
2 11847
2 11848
1 11875
3 11641
2 11849
1 11878
1 11879
0 11785
2 11897
3 11681
1 11914
3 11682
3 11683
3 11684
1 11915
3 11685
0 11832
3 11728
1 11947
1 11948
0 11878
0 11924
3 11831
3 11832
1 12041
3 11833
0 11970
0 12016
3 11920
2 12104
2 12105
3 11921
2 12106
1 12136
1 12137
0 12062
2 12145
2 12146
0 12108
0 12154
1 12252
1 12253
3 12063
0 12200
3 12103
2 12245
3 12104
3 12105
1 12289
1 12290
2 12246
1 12292
2 12250
2 12251
2 12252
1 12293
0 12245
2 12295
1 12346
1 12347
0 12291
3 12219
0 12337
1 12438
2 12389
1 12439
0 12383
1 12495
3 12313
3 12314
1 12496
3 12315
0 12429
3 12359
2 12484
1 12549
1 12550
2 12486
1 12551
1 12552
3 12360
0 12475
1 12613
3 12410
0 12521
0 12567
2 12625
0 12613
1 12777
1 12778
2 12669
3 12566
0 12659
3 12613
2 12718
2 12719
0 12705
1 12871
3 12662
0 12751
2 12801
1 12913
0 12796
3 12762
0 12840
3 12798
1 13008
2 12882
1 13009
3 12799
1 13010
3 12800
3 12801
1 13011
1 13012
2 12883
1 13013
3 12802
1 13014
1 13015
0 12885
2 12925
0 12929
0 12973
2 13010
3 12924
2 13011
2 13012
2 13013
1 13148
2 13014
0 13016
3 12972
3 12973
0 13060
2 13076
3 13021
3 13022
0 13103
3 13066
0 13141
3 13103
1 13300
2 13154
0 13184
1 13337
3 13138
2 13183
2 13184
1 13338
0 13227
0 13270
1 13418
3 13233
1 13419
0 13312
0 13351
2 13353
2 13357
1 13521
3 13304
1 13522
0 13396
2 13404
2 13412
2 13426
3 13392
1 13595
3 13393
1 13596
0 13463
1 13618
2 13464
3 13455
3 13456
1 13653
2 13506
2 13547
2 13588
0 13655
3 13572
2 13629
3 13615
0 13702
0 13703
2 13671
1 13866
1 13867
3 13654
1 13868
3 13655
3 13656
3 13657
1 13869
1 13870
0 13745
2 13712
2 13752
0 13843
0 13844
3 13740
3 13741
0 13845
3 13742
3 13743
2 13791
0 13889
2 13830
1 14037
2 13869
2 13907
3 13891
0 13992
1 14117
2 13945
2 13982
2 14018
1 14231
3 13972
1 14232
2 14055
0 14159
1 14268
3 14033
2 14090
1 14305
1 14306
1 14307
3 14088
2 14126
2 14162
3 14171
3 14172
3 14173
1 14377
2 14197
2 14231
1 14461
0 14367
3 14248
1 14462
3 14249
0 14368
3 14250
0 14369
3 14251
1 14463
2 14262
1 14489
2 14293
3 14324
3 14325
2 14324
2 14354
0 14491
2 14384
0 14524
1 14589
2 14414
1 14617
3 14431
2 14443
2 14472
1 14656
3 14471
0 14597
2 14501
1 14676
0 14628
3 14487
3 14488
1 14677
2 14528
3 14503
0 14658
0 14659
3 14504
3 14505
