0 444
3 457
1 482
2 471
1 485
2 476
0 459
0 464
3 472
3 473
3 474
0 472
2 491
0 483
2 505
0 494
1 525
1 530
3 506
1 536
3 510
2 532
0 518
3 522
2 540
2 541
0 531
2 550
1 561
2 551
2 552
1 562
1 563
0 547
1 577
0 564
0 582
3 591
2 598
3 592
3 593
3 594
2 599
2 600
2 601
2 602
3 595
3 596
2 603
2 605
0 602
3 614
2 620
3 615
2 621
1 645
3 616
2 622
3 617
0 623
3 639
1 669
2 652
2 653
1 670
1 671
3 641
3 642
0 646
1 695
1 696
0 668
2 685
1 715
2 689
2 690
3 685
3 686
3 687
3 688
3 689
2 691
1 721
0 696
0 717
1 769
0 742
2 779
1 795
3 775
0 769
2 803
1 829
0 795
2 825
3 842
0 819
1 872
1 883
2 864
1 898
2 885
2 886
2 887
0 878
1 927
1 951
0 938
3 971
3 977
1 979
2 987
0 983
2 1014
0 1011
3 1048
2 1055
2 1063
1 1061
2 1069
1 1064
0 1063
3 1108
0 1102
3 1148
1 1153
3 1149
1 1154
2 1154
2 1155
1 1155
3 1150
0 1141
1 1202
0 1183
2 1244
3 1236
0 1228
0 1274
3 1290
1 1317
1 1318
2 1330
0 1320
3 1332
1 1359
3 1333
2 1368
2 1369
3 1334
1 1360
2 1370
3 1335
2 1371
3 1336
2 1372
2 1373
3 1339
0 1368
3 1397
2 1420
1 1414
0 1417
0 1467
0 1517
1 1561
3 1537
2 1559
1 1562
2 1560
3 1538
0 1568
1 1603
3 1588
1 1604
3 1589
2 1611
0 1618
3 1639
3 1640
2 1662
0 1668
1 1699
0 1718
2 1758
0 1768
2 1804
3 1781
1 1775
2 1805
2 1806
1 1776
1 1777
1 1778
2 1807
2 1808
0 1818
0 1868
0 1917
0 1967
2 2016
2 2017
2 2018
3 1984
3 1985
0 2017
2 2076
1 2058
1 2059
2 2077
0 2067
3 2104
1 2120
2 2143
0 2116
2 2179
3 2146
3 2147
2 2180
0 2166
3 2219
2 2240
0 2216
0 2265
2 2324
2 2325
3 2302
1 2285
2 2326
1 2286
3 2303
3 2304
3 2305
0 2315
1 2329
0 2365
0 2414
0 2464
2 2515
1 2454
2 2516
0 2514
2 2566
1 2507
3 2555
3 2556
2 2567
0 2564
2 2599
2 2600
1 2547
1 2548
2 2601
3 2586
2 2603
3 2587
2 2604
1 2552
3 2588
1 2553
1 2554
0 2615
2 2652
0 2665
0 2715
2 2743
0 2765
2 2793
2 2794
3 2791
0 2815
0 2865
3 2925
2 2914
1 2851
3 2926
0 2915
0 2965
0 3015
0 3065
2 3132
2 3133
1 3073
2 3134
1 3074
1 3075
1 3076
2 3135
1 3077
2 3138
2 3139
1 3083
2 3140
1 3084
3 3136
2 3141
1 3085
1 3086
2 3142
2 3143
3 3137
1 3087
1 3088
1 3089
0 3115
3 3191
1 3148
3 3192
0 3165
2 3216
2 3217
0 3215
0 3265
3 3316
3 3317
3 3318
1 3304
0 3315
1 3347
1 3348
2 3370
0 3365
0 3415
2 3452
3 3429
0 3465
2 3496
1 3500
1 3501
0 3515
1 3539
0 3565
2 3601
2 3602
0 3616
0 3666
2 3694
3 3681
2 3695
2 3696
0 3717
3 3736
2 3754
0 3767
3 3776
0 3814
3 3825
3 3828
0 3862
0 3905
0 3955
1 3989
3 3991
0 4005
1 4046
0 4055
2 4114
1 4088
2 4115
1 4089
1 4090
0 4106
0 4156
0 4205
3 4227
2 4282
1 4245
1 4246
1 4247
3 4228
3 4229
0 4255
3 4270
1 4297
3 4271
2 4326
0 4306
1 4347
1 4348
3 4304
0 4354
1 4392
0 4404
1 4458
1 4459
1 4461
0 4454
3 4466
1 4510
0 4502
3 4499
3 4500
0 4552
0 4603
2 4665
2 4666
2 4667
2 4669
1 4653
0 4656
1 4712
3 4663
2 4726
1 4713
0 4706
2 4785
2 4786
0 4756
3 4779
3 4780
1 4812
3 4781
3 4782
3 4783
1 4813
1 4814
3 4784
0 4806
3 4821
2 4906
2 4907
1 4860
2 4908
2 4909
0 4856
1 4912
0 4906
1 4971
3 4935
0 4956
3 4993
2 5074
1 5025
2 5075
1 5026
0 5007
1 5068
0 5057
1 5093
1 5094
0 5107
2 5222
3 5120
3 5121
3 5122
3 5123
2 5223
1 5158
3 5124
0 5157
0 5207
3 5236
0 5256
0 5304
2 5441
2 5442
2 5443
2 5444
3 5331
2 5445
2 5446
1 5394
0 5354
2 5489
2 5490
0 5404
2 5537
2 5538
1 5494
1 5495
3 5424
1 5496
2 5539
1 5497
2 5540
3 5425
3 5427
3 5428
3 5429
2 5543
1 5498
2 5544
0 5455
0 5505
3 5517
1 5617
0 5555
3 5559
1 5661
1 5662
1 5663
1 5664
0 5605
1 5702
3 5589
1 5703
3 5590
3 5591
3 5592
3 5593
1 5704
3 5594
1 5705
1 5706
2 5709
1 5708
0 5656
2 5754
3 5651
0 5706
1 5812
3 5695
3 5696
2 5809
3 5697
2 5810
0 5756
0 5806
3 5766
2 5884
3 5767
2 5885
3 5768
2 5886
0 5856
0 5906
0 5955
2 6045
2 6046
0 6007
1 6111
3 5980
3 5981
1 6112
2 6094
0 6057
3 6039
1 6150
3 6040
1 6151
0 6108
2 6191
3 6084
1 6192
3 6085
3 6086
2 6192
0 6158
1 6234
1 6235
3 6132
2 6230
1 6236
2 6231
1 6237
0 6208
2 6275
3 6181
0 6258
1 6333
1 6334
1 6335
0 6308
2 6376
1 6374
2 6378
3 6281
2 6379
2 6380
2 6381
1 6378
0 6359
0 6409
2 6464
2 6467
2 6471
1 6488
1 6490
3 6377
0 6461
0 6511
0 6561
1 6633
3 6528
2 6618
0 6609
3 6565
1 6677
2 6647
0 6659
2 6707
2 6708
0 6710
2 6759
0 6761
3 6722
1 6834
0 6811
3 6773
3 6774
3 6775
3 6776
0 6854
3 6814
1 6927
2 6901
1 6929
0 6907
3 6864
1 6979
2 6948
0 6957
0 7006
2 7066
0 7056
2 7103
3 7031
1 7161
0 7106
3 7060
0 7154
0 7204
3 7161
1 7305
0 7254
2 7300
1 7355
3 7212
1 7356
2 7301
2 7302
0 7304
2 7341
1 7401
1 7402
1 7403
2 7342
3 7249
0 7355
2 7384
3 7301
3 7302
1 7445
1 7446
1 7447
1 7448
0 7405
2 7445
0 7455
1 7559
2 7509
2 7510
0 7507
0 7557
2 7600
3 7496
1 7651
2 7601
3 7497
2 7602
0 7607
3 7542
1 7699
0 7658
2 7719
3 7590
0 7708
3 7634
3 7635
2 7755
0 7758
1 7864
1 7865
2 7810
3 7711
3 7712
3 7713
2 7811
2 7812
3 7714
1 7866
3 7715
0 7808
0 7856
3 7835
2 7950
0 7906
3 7890
2 8012
1 8064
1 8065
0 7956
3 7924
1 8118
3 7925
3 7926
0 8006
2 8123
2 8124
1 8170
0 8057
1 8216
0 8107
3 8087
3 8088
2 8228
0 8157
1 8327
2 8268
1 8328
2 8269
1 8329
1 8330
0 8207
1 8376
3 8183
0 8257
3 8230
3 8231
2 8358
1 8417
0 8308
1 8473
0 8358
0 8408
3 8372
1 8568
2 8521
3 8373
1 8569
0 8458
3 8421
1 8625
2 8580
0 8509
2 8650
3 8481
0 8559
3 8539
1 8744
3 8540
3 8541
3 8542
1 8745
1 8746
3 8543
2 8699
1 8747
3 8544
0 8609
2 8762
2 8763
3 8606
3 8607
1 8802
3 8608
1 8803
1 8804
2 8764
0 8659
0 8709
1 8916
1 8917
1 8918
3 8702
3 8703
1 8919
2 8872
1 8920
0 8759
2 8937
1 8988
0 8809
2 8975
1 9028
2 8976
0 8859
0 8909
0 8959
3 8930
0 9008
3 8969
2 9160
1 9176
3 8970
1 9177
3 8971
1 9178
0 9058
3 9042
2 9221
1 9251
3 9043
1 9252
0 9108
2 9277
0 9158
2 9329
3 9139
1 9359
3 9140
1 9360
3 9141
2 9330
3 9142
3 9144
0 9208
1 9410
3 9206
0 9257
1 9457
0 9306
3 9306
2 9476
1 9518
2 9477
3 9307
2 9478
1 9519
2 9479
3 9308
1 9520
2 9480
1 9521
3 9309
2 9481
1 9522
3 9310
2 9482
1 9523
1 9524
1 9525
2 9483
0 9355
3 9361
3 9362
3 9363
3 9364
2 9521
0 9404
2 9562
3 9393
2 9564
3 9394
0 9453
0 9502
3 9490
2 9657
0 9551
3 9539
0 9599
2 9738
1 9794
3 9564
1 9795
1 9796
1 9797
0 9650
3 9612
0 9698
0 9747
2 9915
3 9724
1 9948
1 9949
0 9796
2 9980
2 9981
0 9845
0 9894
0 9943
1 10143
0 9992
0 10041
3 9991
3 9992
0 10090
0 10139
3 10093
0 10188
1 10345
3 10136
0 10237
0 10286
2 10403
1 10438
0 10335
0 10384
1 10511
2 10483
0 10434
1 10566
2 10531
3 10342
1 10567
2 10532
2 10533
2 10534
0 10483
1 10617
2 10584
0 10532
0 10581
3 10493
2 10690
0 10629
0 10677
1 10823
1 10824
0 10725
1 10874
0 10773
3 10661
0 10821
1 10964
1 10965
3 10710
3 10711
2 10931
2 10932
2 10933
0 10869
2 10978
1 11024
0 10917
2 11043
0 10965
2 11106
2 11107
1 11124
1 11125
1 11126
2 11108
1 11127
1 11128
2 11109
0 11013
3 10928
1 11171
1 11172
1 11173
2 11140
2 11141
2 11142
2 11143
3 10929
3 10930
1 11174
2 11144
1 11175
3 10931
0 11061
1 11219
3 10980
2 11182
1 11220
2 11183
2 11184
0 11109
3 11021
1 11270
2 11231
1 11271
2 11232
2 11233
1 11272
0 11157
3 11059
1 11314
3 11060
1 11315
3 11061
3 11062
0 11205
1 11354
3 11109
1 11355
2 11312
2 11313
0 11253
1 11427
3 11169
0 11300
1 11473
2 11423
3 11222
1 11475
1 11476
1 11477
2 11424
0 11347
1 11520
2 11451
0 11394
0 11441
0 11487
0 11534
3 11455
0 11581
1 11751
2 11698
3 11501
2 11700
2 11701
3 11502
1 11754
3 11503
2 11702
1 11755
1 11756
2 11703
1 11757
2 11704
1 11758
1 11759
1 11760
0 11629
3 11549
1 11794
1 11795
0 11676
0 11723
0 11771
2 11877
2 11878
0 11817
2 11919
2 11920
3 11713
2 11921
1 11940
0 11864
3 11761
1 11987
3 11762
3 11763
1 11988
1 11989
2 11971
3 11764
2 11972
3 11765
3 11766
2 11973
3 11767
3 11768
0 11911
0 11957
0 12003
0 12049
3 11966
1 12171
2 12135
3 11967
1 12172
0 12094
0 12140
2 12205
2 12206
1 12244
3 12053
0 12186
0 12232
1 12328
3 12146
1 12329
3 12147
2 12283
2 12284
3 12149
1 12330
2 12285
3 12150
1 12331
0 12279
1 12383
3 12210
1 12384
3 12211
3 12212
2 12340
1 12385
3 12213
0 12325
1 12421
3 12254
2 12368
2 12369
2 12370
1 12422
2 12371
1 12423
0 12371
3 12306
0 12417
3 12349
3 12350
0 12463
3 12396
3 12397
0 12509
1 12651
2 12567
0 12555
1 12702
2 12610
3 12494
3 12495
3 12496
3 12497
2 12611
1 12703
1 12704
3 12498
0 12601
3 12543
1 12759
3 12546
3 12547
1 12760
1 12761
1 12762
0 12648
2 12704
2 12705
1 12819
2 12706
2 12707
3 12604
2 12708
0 12694
1 12858
1 12859
2 12749
1 12860
0 12739
0 12784
3 12748
2 12832
3 12749
1 12947
2 12834
0 12830
2 12877
2 12878
1 13001
0 12875
2 12920
0 12919
1 13098
1 13099
3 12870
0 12963
3 12914
2 12998
3 12915
2 12999
1 13141
1 13142
2 13000
2 13001
2 13002
0 13008
2 13041
0 13051
2 13070
2 13071
3 13009
3 13010
3 13011
2 13072
3 13012
3 13013
0 13096
1 13253
3 13061
1 13254
0 13133
2 13151
1 13296
3 13097
0 13176
3 13122
2 13169
1 13332
3 13123
2 13170
2 13171
2 13172
3 13124
2 13173
0 13220
1 13360
0 13263
0 13303
0 13346
1 13511
1 13512
2 13347
3 13302
