3 33
3 36
3 37
2 41
2 42
0 40
1 41
1 42
1 43
3 38
3 39
0 41
1 44
0 45
1 49
0 47
0 49
3 45
1 50
0 51
2 52
1 51
2 53
3 46
2 54
2 57
1 55
0 53
3 48
3 49
1 56
1 57
1 58
1 59
0 55
0 56
3 50
1 63
0 58
1 66
2 60
3 51
0 60
0 62
3 52
3 53
2 62
0 64
0 66
3 55
3 56
3 57
0 69
3 59
3 60
2 64
2 65
2 66
0 72
0 75
3 63
2 68
2 69
2 70
3 64
0 79
3 65
0 82
3 66
1 76
1 77
0 83
1 79
1 81
1 83
1 84
3 70
3 72
0 88
3 73
1 87
1 88
1 89
2 77
1 90
3 76
2 78
1 91
0 91
2 80
0 94
2 84
3 78
0 96
2 86
3 80
1 97
3 81
1 99
3 84
0 99
1 102
2 87
0 102
0 105
1 104
1 105
1 107
3 89
3 91
3 92
1 108
3 93
3 94
0 108
3 95
3 96
0 111
2 99
3 97
0 114
3 99
2 102
2 103
1 117
3 100
0 118
2 109
2 110
3 101
2 111
2 112
1 120
1 121
2 113
2 114
3 102
3 103
1 122
2 115
1 123
3 104
1 124
1 125
0 122
3 106
0 126
0 130
3 111
3 112
3 113
1 134
0 132
3 115
1 137
0 135
3 117
1 141
0 139
1 143
2 127
1 144
2 128
0 143
2 131
0 148
2 137
1 153
3 125
2 144
2 145
3 129
3 130
0 154
0 159
0 163
1 163
2 154
1 164
3 143
2 155
3 146
2 156
3 147
1 165
3 148
3 149
0 170
3 150
2 159
3 151
1 167
2 160
3 153
1 168
1 169
3 154
2 161
0 175
2 168
3 162
0 180
2 175
3 165
3 166
1 181
3 167
2 176
0 185
1 186
2 181
3 172
2 182
0 190
2 184
0 193
2 188
3 182
2 190
3 183
3 184
1 195
3 185
1 196
1 197
2 191
2 192
1 198
0 201
0 207
2 203
1 205
0 213
3 194
1 206
1 207
3 195
3 196
3 197
2 208
1 208
2 212
1 210
1 211
1 212
3 203
3 204
1 213
0 220
3 211
3 212
3 213
1 217
2 217
2 218
2 219
0 226
2 229
2 230
0 232
1 234
1 235
0 237
1 244
2 235
1 245
1 246
2 236
1 247
1 248
3 230
1 249
0 243
2 242
0 249
3 241
1 258
3 242
1 259
2 249
2 250
3 243
2 251
2 252
3 244
2 253
0 256
0 263
3 261
3 262
1 277
3 263
2 272
1 278
0 272
3 273
0 279
0 283
0 290
3 291
0 296
3 298
3 299
2 313
3 300
1 326
3 301
3 302
0 305
1 332
1 333
2 317
2 318
2 323
3 308
3 309
0 313
0 320
3 333
2 342
1 359
1 360
3 334
1 361
3 335
1 365
0 332
3 344
3 345
1 370
3 346
1 371
3 347
2 355
3 348
3 349
1 372
2 357
0 341
3 353
0 350
0 360
2 382
2 383
0 370
2 397
1 409
2 400
3 382
0 382
1 420
1 421
3 391
0 393
3 404
1 436
0 405
0 415
3 430
0 422
2 448
0 429
2 453
2 454
0 435
1 470
3 449
1 472
0 448
3 463
1 487
1 493
3 468
0 467
0 476
2 497
1 506
2 498
1 509
3 484
2 502
3 485
1 512
1 514
0 497
3 497
3 498
1 533
1 541
3 511
1 542
3 515
1 544
1 547
0 530
0 546
2 564
1 576
0 563
3 558
0 581
3 589
3 590
0 600
0 621
2 647
0 643
1 688
0 665
1 712
3 680
3 681
0 689
1 736
0 714
1 765
1 767
0 738
1 784
0 760
2 792
1 821
3 809
0 792
2 824
0 814
3 851
2 838
1 868
1 877
1 892
3 888
2 879
1 913
2 912
0 898
2 921
1 950
0 937
0 960
2 986
0 982
3 1022
0 1009
1 1049
0 1045
1 1084
2 1096
1 1085
1 1086
1 1087
3 1088
0 1084
2 1135
0 1123
2 1181
2 1182
1 1184
1 1185
0 1163
1 1225
1 1226
3 1205
2 1214
2 1215
3 1206
2 1216
2 1217
3 1207
2 1218
3 1208
3 1209
3 1210
0 1206
1 1261
0 1252
1 1299
3 1272
0 1298
0 1343
1 1388
0 1390
1 1438
0 1440
1 1492
3 1469
0 1489
2 1536
0 1539
0 1588
3 1617
3 1618
1 1633
2 1640
0 1640
3 1657
3 1658
3 1659
3 1660
0 1690
2 1728
0 1740
2 1778
1 1749
2 1779
3 1747
0 1790
2 1832
3 1814
3 1815
1 1791
2 1833
0 1840
3 1867
3 1868
0 1890
2 1928
0 1940
0 1990
0 2040
1 2083
0 2090
0 2140
1 2187
3 2193
0 2190
2 2260
0 2240
1 2270
2 2308
0 2290
0 2340
3 2375
0 2389
3 2423
3 2424
3 2425
2 2450
1 2398
2 2451
1 2399
2 2452
1 2400
1 2401
3 2426
3 2427
1 2402
0 2440
3 2474
3 2475
3 2476
3 2477
0 2490
3 2541
2 2548
0 2541
2 2583
1 2532
1 2533
2 2584
1 2534
0 2591
2 2622
0 2641
1 2619
1 2621
1 2622
1 2623
3 2670
1 2624
0 2692
0 2742
2 2766
0 2792
3 2813
1 2767
1 2768
0 2842
1 2829
3 2892
1 2830
2 2874
1 2831
0 2892
3 2955
3 2956
3 2957
2 2928
2 2929
3 2958
3 2959
0 2942
3 3006
1 2918
1 2919
2 2996
2 2997
3 3007
0 2992
2 3063
2 3064
0 3042
0 3091
1 3117
2 3162
3 3163
3 3164
1 3118
3 3165
2 3163
3 3166
1 3119
2 3164
1 3120
2 3165
2 3166
2 3167
1 3121
0 3141
1 3174
3 3223
2 3204
2 3205
0 3191
2 3240
1 3213
0 3241
2 3304
1 3273
3 3292
0 3291
3 3339
3 3340
3 3341
3 3342
3 3343
1 3330
1 3332
1 3333
2 3355
0 3341
1 3376
1 3377
2 3392
3 3376
3 3377
3 3378
2 3393
2 3394
2 3395
1 3378
1 3379
1 3380
1 3381
1 3382
3 3379
3 3380
0 3392
1 3425
2 3433
2 3434
0 3442
2 3476
3 3462
3 3463
1 3479
3 3464
0 3492
3 3505
2 3540
2 3541
0 3542
1 3555
1 3556
1 3557
3 3544
1 3558
0 3592
3 3600
0 3641
2 3666
0 3691
2 3726
0 3741
0 3791
0 3841
0 3884
0 3934
1 3971
2 4020
2 4021
3 3975
1 3972
2 4022
1 3973
0 3984
1 4017
0 4036
1 4067
3 4050
0 4086
1 4117
1 4118
2 4143
2 4144
2 4145
0 4136
2 4198
2 4199
1 4167
2 4200
0 4186
3 4208
0 4236
2 4310
3 4250
0 4286
0 4336
0 4386
0 4435
1 4495
2 4493
0 4486
2 4557
2 4558
2 4559
1 4553
0 4537
2 4596
2 4597
1 4600
0 4588
0 4635
2 4693
2 4694
1 4678
2 4695
3 4632
2 4696
1 4679
0 4686
1 4748
0 4736
1 4787
1 4788
2 4818
2 4819
3 4744
1 4789
0 4786
0 4835
3 4856
2 4949
2 4950
3 4857
2 4951
1 4897
0 4885
3 4902
3 4903
1 4935
1 4936
3 4904
3 4905
0 4934
2 5048
2 5049
1 4994
1 4995
2 5052
3 4966
3 4967
1 4996
0 4985
2 5121
0 5035
3 5041
2 5145
2 5146
2 5147
0 5085
0 5135
0 5185
0 5235
1 5315
1 5316
2 5361
2 5362
2 5363
2 5364
2 5365
2 5366
3 5265
3 5266
2 5367
0 5285
2 5419
1 5376
0 5335
1 5417
0 5384
1 5469
2 5514
0 5434
3 5455
3 5457
3 5458
0 5484
1 5604
0 5534
2 5668
2 5669
3 5547
1 5642
1 5643
0 5584
1 5691
2 5699
3 5581
0 5634
1 5742
2 5740
2 5741
1 5743
3 5633
1 5744
3 5634
0 5684
3 5673
1 5788
0 5735
2 5834
3 5720
1 5828
0 5785
0 5835
0 5885
2 5972
3 5864
3 5865
1 5962
3 5866
1 5963
2 5973
3 5867
3 5868
1 5964
3 5869
3 5870
2 5974
0 5935
0 5985
2 6078
0 6036
0 6086
0 6136
2 6213
0 6187
2 6252
1 6261
3 6158
0 6236
2 6310
3 6212
1 6317
3 6213
1 6319
3 6214
2 6312
0 6286
3 6266
2 6362
0 6336
1 6392
1 6393
3 6300
0 6386
0 6433
2 6497
0 6483
2 6550
1 6548
2 6552
0 6534
1 6596
3 6502
2 6588
2 6590
3 6503
2 6593
3 6508
1 6603
2 6594
2 6596
3 6511
1 6606
3 6512
1 6607
1 6608
1 6609
0 6590
1 6664
2 6640
0 6640
0 6687
0 6737
0 6787
3 6742
2 6831
2 6834
0 6835
0 6883
3 6838
3 6840
0 6933
1 7015
2 6986
3 6898
2 6992
0 6987
3 6970
0 7036
1 7130
3 7016
1 7131
1 7133
2 7091
0 7086
0 7136
0 7185
0 7235
3 7196
1 7338
1 7339
0 7284
3 7237
1 7383
2 7334
3 7238
3 7239
2 7335
1 7387
1 7388
3 7241
2 7336
0 7336
0 7386
0 7436
1 7538
1 7542
0 7486
1 7578
2 7538
1 7579
1 7580
3 7416
2 7539
0 7536
3 7476
0 7586
1 7677
0 7636
1 7732
0 7686
3 7609
1 7783
2 7735
0 7736
2 7792
1 7841
1 7842
0 7786
2 7864
0 7836
3 7806
0 7886
2 7986
0 7935
0 7985
0 8035
3 7996
0 8085
2 8204
2 8205
3 8054
3 8055
3 8056
1 8253
2 8206
0 8135
3 8117
0 8185
1 8361
1 8362
1 8363
0 8235
1 8405
1 8406
2 8341
2 8342
0 8285
2 8385
0 8335
1 8492
3 8298
3 8299
2 8431
0 8385
3 8343
3 8346
1 8537
1 8538
2 8486
1 8539
2 8487
3 8347
2 8488
1 8540
3 8348
2 8489
2 8490
3 8350
0 8438
1 8604
1 8605
2 8558
0 8487
3 8454
2 8618
3 8455
2 8619
2 8620
2 8621
1 8667
2 8622
2 8623
2 8624
3 8456
0 8537
3 8512
2 8683
1 8724
3 8513
3 8514
3 8515
3 8516
3 8517
3 8518
0 8587
2 8729
1 8780
0 8637
0 8687
1 8886
1 8887
2 8844
0 8737
1 8954
2 8905
1 8955
0 8787
2 8966
2 8967
0 8837
1 9052
2 9002
0 8887
3 8855
1 9092
3 8857
3 8858
0 8937
3 8912
2 9088
1 9132
2 9089
2 9090
2 9091
2 9092
3 8913
1 9133
0 8988
0 9038
1 9227
2 9202
1 9228
3 9012
0 9088
3 9072
1 9289
2 9249
2 9250
2 9251
3 9073
0 9139
0 9188
1 9388
1 9389
2 9360
0 9237
2 9408
0 9286
2 9446
0 9335
1 9552
1 9554
1 9555
3 9341
0 9384
3 9380
1 9594
3 9381
0 9433
1 9641
1 9642
0 9482
2 9633
3 9468
0 9531
3 9511
1 9735
1 9736
1 9737
3 9512
0 9580
0 9629
2 9767
1 9822
0 9678
2 9824
3 9641
2 9825
3 9642
1 9875
1 9876
3 9643
0 9727
0 9776
1 9983
0 9825
3 9810
1 10040
3 9812
3 9813
2 10016
3 9814
0 9874
1 10090
1 10091
0 9923
3 9900
2 10105
3 9901
3 9902
3 9903
2 10106
2 10107
1 10124
3 9904
3 9905
1 10125
1 10126
1 10127
3 9906
2 10108
2 10109
1 10129
0 9974
2 10140
1 10163
2 10141
3 9946
0 10023
1 10193
1 10194
2 10160
2 10161
0 10073
1 10234
0 10122
0 10171
3 10123
0 10220
3 10168
1 10375
1 10376
0 10269
1 10426
0 10318
0 10368
0 10417
0 10466
2 10570
2 10571
2 10572
1 10605
1 10606
0 10515
0 10564
0 10613
