1 114
1 115
1 116
2 100
0 116
2 105
1 118
0 120
3 105
0 124
2 116
1 128
0 128
3 108
1 129
2 117
1 130
2 118
1 131
3 109
1 132
2 119
1 133
3 110
2 120
2 121
0 133
0 136
0 140
3 120
0 145
1 151
3 121
0 149
3 126
1 154
2 138
3 131
2 146
0 155
3 136
0 160
3 138
2 149
0 164
0 168
2 158
0 173
1 173
2 169
0 179
0 184
0 189
2 183
1 189
1 190
3 176
3 177
1 191
3 178
3 179
3 180
1 192
1 193
2 185
2 186
0 196
0 200
3 187
3 188
1 200
1 201
2 197
3 190
0 206
0 212
0 218
0 224
1 226
0 230
0 236
3 229
0 242
3 234
0 248
3 240
0 254
2 257
3 252
1 266
3 253
1 267
1 268
1 269
0 260
1 272
2 259
3 260
0 266
0 271
3 266
3 267
1 280
3 268
2 273
2 274
1 281
3 269
1 282
1 283
3 270
1 284
2 275
1 285
1 286
3 271
2 276
2 277
3 272
1 287
0 278
2 284
3 278
2 285
1 296
1 297
3 279
1 298
3 280
2 286
3 281
3 282
3 283
1 304
0 287
1 315
0 293
1 323
2 306
3 294
2 307
2 308
0 300
0 306
3 306
3 310
0 314
2 326
1 341
2 327
1 342
3 317
1 343
0 322
2 345
2 346
0 330
0 339
2 362
3 352
1 377
0 348
1 383
2 367
2 368
3 357
3 358
3 359
1 384
0 357
3 367
0 366
3 376
3 377
0 373
0 381
3 387
2 414
3 388
3 389
2 415
3 390
0 392
3 402
2 425
0 401
3 410
1 440
1 442
1 443
3 414
2 437
0 412
1 455
3 437
2 449
1 460
0 437
1 473
2 462
3 451
2 463
0 449
2 473
1 488
1 497
2 481
2 482
2 483
2 484
0 473
2 492
0 481
1 513
2 508
1 515
2 513
2 516
2 517
3 492
0 502
0 508
3 514
0 522
3 529
1 554
0 537
1 566
3 542
1 568
0 555
2 571
3 555
0 572
2 582
1 599
3 565
3 566
2 583
1 600
3 567
3 568
1 601
3 569
3 570
1 602
3 571
3 572
3 573
1 603
3 574
1 604
2 584
2 586
1 606
1 607
0 590
0 610
3 621
1 650
1 651
1 652
1 653
2 626
0 630
2 655
0 653
1 704
1 705
1 706
2 681
2 682
0 678
1 727
0 702
2 731
0 722
2 764
0 748
3 787
3 788
3 789
2 785
1 801
2 786
2 789
3 795
3 796
1 812
1 813
2 796
0 789
2 823
0 812
0 835
2 848
0 852
0 865
2 881
3 890
0 876
0 888
0 895
0 905
3 939
3 940
0 918
3 958
2 945
0 934
1 974
1 982
3 999
2 994
0 988
0 1018
1 1055
0 1049
2 1101
3 1092
0 1088
2 1139
0 1126
0 1166
2 1225
2 1226
0 1210
3 1248
2 1270
1 1262
0 1256
1 1304
0 1302
2 1349
1 1341
0 1348
1 1393
2 1403
1 1394
2 1404
1 1395
3 1373
2 1405
2 1406
3 1374
3 1375
3 1376
2 1407
2 1408
0 1396
2 1463
3 1421
3 1422
1 1445
2 1464
3 1423
2 1465
0 1446
1 1493
1 1494
1 1495
3 1475
2 1512
0 1497
3 1519
2 1551
0 1547
1 1590
3 1574
2 1592
0 1597
0 1646
2 1687
0 1696
2 1735
1 1713
3 1705
1 1714
1 1715
3 1706
2 1736
3 1707
2 1737
3 1708
3 1709
2 1738
2 1739
3 1712
1 1717
1 1718
1 1719
3 1713
3 1714
0 1748
0 1798
0 1848
3 1877
1 1864
2 1886
0 1898
3 1910
3 1911
3 1912
3 1913
1 1925
2 1945
2 1946
3 1914
3 1915
2 1947
1 1926
0 1948
3 1969
0 1998
3 2021
2 2055
0 2048
3 2082
2 2119
3 2083
0 2098
1 2142
2 2161
2 2162
2 2163
1 2143
3 2134
2 2164
0 2148
1 2195
3 2204
1 2196
2 2225
0 2198
0 2248
0 2298
0 2348
1 2358
1 2359
0 2398
3 2431
0 2448
3 2488
3 2489
0 2498
3 2544
0 2548
1 2536
2 2587
2 2588
0 2598
2 2629
2 2630
0 2647
1 2633
1 2634
0 2697
1 2686
1 2687
0 2747
1 2724
0 2797
2 2823
3 2824
0 2847
2 2878
2 2879
3 2898
2 2880
2 2881
0 2897
3 2964
3 2965
0 2947
3 3015
1 2926
2 3004
1 2927
2 3005
3 3016
1 2928
0 2999
2 3070
2 3071
3 3066
3 3067
1 2993
1 2994
3 3068
2 3072
0 3049
3 3113
2 3114
1 3038
0 3100
2 3174
0 3150
1 3180
1 3181
0 3200
0 3250
0 3300
3 3345
0 3350
2 3401
2 3403
2 3404
3 3383
3 3384
1 3390
1 3391
1 3392
1 3393
1 3394
3 3385
2 3405
0 3400
1 3437
3 3421
1 3438
0 3451
2 3486
3 3473
0 3501
0 3550
1 3569
1 3570
3 3558
0 3600
1 3617
1 3618
0 3651
0 3701
3 3721
1 3728
0 3750
2 3793
2 3794
2 3795
3 3764
3 3765
3 3766
1 3786
2 3796
1 3787
1 3788
0 3801
2 3839
0 3851
2 3904
3 3873
2 3911
3 3879
2 3919
2 3926
1 3897
2 3937
2 3945
0 3923
2 4004
3 3959
1 3958
2 4005
1 3959
2 4006
3 3960
3 3961
3 3962
2 4007
3 3963
1 3960
2 4008
1 3961
3 3964
1 3962
3 3965
3 3966
3 3968
3 3969
2 4010
0 3973
3 4002
1 4004
3 4003
0 4023
2 4090
2 4091
0 4073
1 4108
3 4086
2 4128
2 4129
0 4123
3 4136
1 4148
0 4173
0 4223
1 4270
1 4271
0 4273
1 4310
2 4337
2 4338
1 4311
1 4312
2 4339
2 4340
3 4286
1 4313
1 4314
1 4315
1 4316
3 4287
3 4288
0 4324
1 4366
3 4318
1 4367
1 4368
3 4319
0 4374
0 4424
2 4477
0 4474
1 4535
1 4537
0 4522
2 4585
1 4581
0 4572
3 4576
0 4622
0 4672
3 4683
1 4730
2 4751
0 4722
3 4733
3 4734
3 4735
1 4776
1 4777
3 4736
1 4778
1 4779
2 4805
0 4773
0 4823
0 4872
0 4924
1 4983
0 4974
3 5007
2 5098
2 5099
3 5008
0 5024
0 5074
1 5110
1 5111
2 5178
0 5124
0 5174
2 5294
3 5187
2 5295
2 5296
3 5188
1 5236
2 5297
1 5237
3 5189
1 5238
3 5191
0 5225
1 5303
3 5251
0 5275
3 5300
2 5401
2 5402
0 5325
0 5375
1 5463
3 5402
0 5425
0 5474
0 5524
2 5655
0 5574
3 5574
2 5696
1 5682
2 5697
0 5624
2 5723
3 5615
2 5724
1 5722
3 5616
0 5674
3 5663
0 5724
2 5822
2 5823
1 5822
0 5774
1 5854
0 5824
2 5898
3 5789
2 5899
3 5790
2 5900
0 5874
0 5924
3 5896
2 6014
0 5974
2 6063
3 5945
0 6024
2 6106
2 6107
2 6108
1 6122
1 6123
2 6109
2 6110
1 6124
3 5997
1 6125
2 6111
3 5998
3 5999
0 6074
0 6124
1 6201
3 6093
1 6202
1 6203
3 6094
1 6204
2 6199
1 6205
1 6206
0 6175
3 6146
0 6224
0 6274
3 6254
2 6353
0 6323
1 6385
2 6387
3 6292
0 6373
1 6430
1 6431
3 6346
0 6424
1 6496
3 6387
3 6388
2 6486
1 6497
3 6389
2 6487
3 6390
0 6476
1 6541
1 6542
1 6543
3 6434
0 6524
3 6488
2 6580
0 6574
0 6624
0 6671
1 6744
3 6635
1 6746
3 6636
3 6637
3 6638
0 6722
3 6692
3 6693
2 6766
0 6772
0 6822
3 6787
2 6873
0 6875
3 6833
1 6947
2 6917
0 6924
0 6969
3 6950
2 7027
3 6958
1 7061
0 7018
3 7000
1 7109
0 7067
0 7117
2 7143
1 7209
2 7146
2 7152
2 7154
2 7158
2 7159
0 7170
2 7211
2 7213
0 7222
3 7178
1 7320
0 7272
3 7220
2 7317
2 7320
0 7325
3 7271
2 7362
0 7376
1 7463
1 7464
0 7425
3 7375
0 7475
1 7575
3 7410
2 7527
0 7525
1 7610
0 7575
0 7625
1 7716
0 7674
0 7724
1 7823
1 7824
2 7776
1 7825
2 7777
2 7778
0 7774
2 7843
1 7884
3 7734
0 7825
1 7958
0 7875
2 7971
2 7972
2 7973
1 8027
3 7863
2 7974
2 7975
3 7864
3 7865
1 8028
1 8029
0 7925
0 7975
3 7940
2 8078
2 8079
2 8080
0 8025
2 8138
1 8186
3 7988
0 8075
1 8236
2 8182
3 8040
2 8183
1 8237
2 8184
1 8238
0 8125
3 8105
3 8106
3 8107
0 8176
0 8226
0 8275
2 8371
2 8372
1 8428
1 8429
2 8373
1 8430
3 8249
1 8431
2 8374
2 8375
2 8376
3 8250
3 8251
1 8432
1 8433
1 8434
3 8252
3 8253
3 8254
3 8256
1 8436
1 8437
2 8377
1 8438
0 8326
2 8422
2 8423
0 8376
1 8530
0 8426
0 8475
2 8602
2 8603
1 8657
0 8525
2 8671
0 8575
2 8714
0 8625
2 8785
2 8786
1 8826
0 8675
1 8873
0 8725
3 8727
0 8775
1 9004
3 8780
0 8825
1 9042
1 9044
0 8874
3 8853
0 8923
1 9126
2 9076
3 8899
0 8973
2 9131
2 9132
0 9023
3 8996
2 9186
2 9187
1 9209
1 9210
2 9188
2 9189
2 9190
1 9211
2 9191
3 8997
1 9212
0 9073
2 9236
1 9270
1 9271
3 9057
1 9272
1 9273
3 9058
1 9274
0 9124
0 9174
3 9164
0 9223
2 9391
3 9214
3 9215
2 9392
3 9216
0 9272
3 9262
0 9321
0 9370
2 9528
3 9371
2 9529
0 9419
2 9575
2 9576
0 9468
1 9666
2 9612
1 9667
2 9613
3 9441
2 9614
1 9668
3 9442
2 9615
1 9669
3 9443
1 9670
3 9445
2 9617
0 9518
1 9721
0 9567
1 9764
1 9765
0 9616
1 9812
1 9813
1 9814
0 9665
0 9714
3 9683
2 9872
0 9763
2 9940
1 9970
2 9941
0 9812
3 9784
2 9998
2 9999
1 10019
3 9785
0 9861
2 10064
0 9910
3 9892
0 9959
0 10008
3 9967
0 10057
0 10106
0 10155
3 10110
0 10205
2 10333
1 10362
3 10147
1 10363
0 10254
2 10374
2 10375
3 10186
1 10404
3 10187
3 10188
2 10377
0 10304
3 10232
2 10409
1 10441
1 10442
3 10233
3 10234
0 10353
1 10482
0 10402
0 10451
0 10500
2 10596
3 10409
0 10549
1 10706
0 10598
2 10704
3 10503
1 10757
2 10705
0 10647
1 10796
3 10540
2 10760
2 10761
2 10762
3 10541
0 10695
1 10845
3 10583
1 10846
2 10822
3 10585
1 10847
2 10825
1 10851
1 10852
2 10826
0 10743
3 10619
3 10620
1 10883
1 10884
2 10859
0 10791
0 10839
3 10730
1 10981
2 10954
1 10982
3 10731
2 10955
2 10956
2 10957
3 10732
1 10983
1 10984
1 10985
3 10733
3 10734
2 10958
0 10887
2 11009
3 10783
3 10784
2 11010
3 10785
2 11011
0 10934
0 10982
0 11030
1 11193
3 10938
3 10939
3 10940
2 11156
2 11157
3 10941
1 11194
3 10942
0 11078
3 10991
2 11200
2 11201
2 11202
0 11126
0 11174
2 11289
3 11079
2 11290
0 11222
3 11128
2 11336
2 11337
3 11133
3 11134
0 11271
3 11185
2 11384
1 11439
2 11385
3 11186
0 11317
3 11237
0 11364
1 11543
1 11544
3 11280
2 11475
1 11545
1 11546
2 11476
0 11411
3 11325
3 11326
2 11516
1 11584
2 11517
0 11458
2 11577
0 11505
2 11624
0 11552
0 11599
2 11713
1 11768
2 11714
3 11516
0 11646
3 11569
1 11810
2 11773
2 11774
0 11693
0 11740
2 11850
2 11851
3 11642
0 11786
0 11833
3 11729
