
Consumer 1 Done:
PID: 3380, Time: 19:40:56

Donut order by dozen:
Dozen 0: (2, 81) (3, 96) (1, 105) (2, 84) (0, 81) (0, 121) (2, 82) (3, 81) (2, 81) (1, 121) (3, 81) (0, 121)
Dozen 1: (3, 79) (3, 81) (0, 121) (0, 121) (0, 121) (2, 81) (0, 121) (2, 81) (3, 82) (2, 81) (0, 121) (3, 81)
Dozen 2: (1, 121) (2, 81) (0, 121) (2, 81) (2, 97) (2, 81) (0, 121) (1, 121) (1, 121) (3, 81) (2, 81) (1, 121)
Dozen 3: (0, 102) (1, 121) (2, 81) (1, 121) (1, 121) (0, 121) (3, 81) (0, 121) (2, 82) (0, 121) (3, 81) (1, 121)
Dozen 4: (3, 81) (0, 121) (2, 81) (1, 121) (2, 80) (3, 81) (1, 121) (0, 121) (1, 121) (2, 121) (2, 121) (0, 121)
Dozen 5: (0, 132) (1, 121) (1, 121) (3, 121) (2, 121) (0, 121) (2, 121) (3, 121) (2, 121) (2, 121) (2, 121) (1, 121)
Dozen 6: (3, 121) (3, 121) (3, 121) (0, 121) (1, 132) (3, 121) (3, 121) (0, 121) (3, 121) (2, 121) (1, 121) (3, 121)
Dozen 7: (1, 106) (2, 121) (0, 121) (0, 121) (2, 121) (0, 121) (2, 121) (3, 121) (0, 122) (0, 121) (1, 121) (0, 121)
Dozen 8: (1, 121) (0, 121) (1, 121) (0, 121) (2, 121) (0, 121) (1, 121) (2, 121) (0, 121) (0, 121) (0, 121) (3, 121)
Dozen 9: (2, 121) (3, 121) (0, 121) (1, 121) (2, 121) (1, 121) (1, 121) (3, 121) (3, 121) (0, 121) (0, 121) (2, 121)

