
Consumer 2 Done:
PID: 3381, Time: 19:40:56

Donut order by dozen:
Dozen 0: (1, 117) (0, 123) (3, 136) (1, 150) (2, 129) (2, 121) (0, 121) (1, 121) (3, 121) (3, 121) (0, 121) (2, 121)
Dozen 1: (1, 151) (0, 121) (0, 121) (0, 121) (1, 121) (0, 121) (3, 121) (3, 121) (1, 122) (2, 121) (3, 121) (3, 121)
Dozen 2: (0, 121) (0, 121) (1, 121) (3, 121) (1, 129) (3, 121) (3, 121) (3, 121) (2, 121) (0, 121) (1, 161) (3, 121)
Dozen 3: (3, 158) (1, 161) (0, 161) (1, 161) (2, 121) (1, 161) (2, 121) (2, 121) (2, 122) (0, 161) (3, 161) (2, 161)
Dozen 4: (3, 161) (0, 161) (1, 161) (3, 161) (1, 143) (2, 161) (0, 161) (1, 161) (1, 161) (1, 161) (0, 161) (0, 161)
Dozen 5: (2, 137) (2, 161) (3, 161) (1, 161) (2, 161) (1, 161) (0, 161) (2, 161) (0, 162) (3, 161) (2, 161) (2, 161)
Dozen 6: (2, 161) (1, 161) (3, 161) (1, 161) (3, 161) (1, 161) (0, 162) (2, 161) (2, 161) (0, 161) (2, 161) (3, 161)
Dozen 7: (3, 160) (0, 161) (3, 161) (1, 161) (0, 161) (3, 161) (3, 161) (2, 161) (1, 162) (1, 161) (3, 161) (3, 161)
Dozen 8: (1, 161) (0, 161) (3, 161) (3, 161) (0, 161) (2, 161) (0, 161) (3, 161) (2, 161) (1, 161) (1, 161) (3, 161)
Dozen 9: (1, 161) (2, 161) (3, 161) (3, 161) (3, 161) (3, 161) (1, 161) (2, 161) (3, 161) (0, 161) (1, 161) (0, 161)

