
Consumer 3 Done:
PID: 3382, Time: 19:40:56

Donut order by dozen:
Dozen 0: (3, 1) (2, 1) (0, 2) (2, 2) (1, 6) (0, 1) (0, 1) (0, 1) (1, 1) (3, 1) (0, 1) (3, 1)
Dozen 1: (1, 32) (2, 1) (3, 1) (0, 1) (2, 1) (0, 1) (1, 1) (1, 1) (2, 2) (2, 1) (1, 1) (3, 1)
Dozen 2: (0, 1) (1, 1) (2, 1) (1, 1) (0, 9) (3, 1) (0, 2) (2, 1) (1, 1) (0, 1) (0, 1) (1, 1)
Dozen 3: (1, 30) (0, 1) (2, 1) (0, 1) (3, 1) (0, 1) (0, 1) (2, 1) (0, 2) (3, 1) (0, 1) (3, 1)
Dozen 4: (0, 1) (0, 1) (3, 1) (2, 1) (1, 17) (2, 1) (0, 1) (1, 1) (3, 1) (3, 1) (3, 1) (1, 1)
Dozen 5: (3, 24) (2, 1) (3, 1) (1, 1) (1, 1) (0, 1) (0, 1) (2, 1) (0, 2) (2, 1) (3, 1) (1, 1)
Dozen 6: (0, 1) (1, 1) (0, 1) (1, 1) (3, 25) (2, 1) (1, 1) (3, 1) (2, 1) (1, 1) (1, 1) (0, 1)
Dozen 7: (1, 15) (1, 1) (0, 1) (2, 1) (2, 1) (3, 1) (3, 1) (3, 1) (3, 1) (1, 1) (0, 1) (3, 1)
Dozen 8: (2, 1) (2, 1) (3, 1) (2, 1) (1, 1) (0, 1) (0, 1) (3, 1) (3, 1) (1, 1) (0, 1) (3, 1)
Dozen 9: (1, 1) (2, 1) (3, 1) (1, 1) (0, 1) (1, 1) (1, 1) (2, 1) (0, 1) (3, 1) (2, 1) (2, 1)

