
Consumer 4 Done:
PID: 3383, Time: 19:40:56

Donut order by dozen:
Dozen 0: (1, 35) (3, 33) (0, 27) (1, 71) (1, 60) (3, 41) (0, 41) (3, 41) (1, 41) (1, 41) (2, 41) (0, 41)
Dozen 1: (2, 23) (3, 41) (1, 41) (3, 41) (0, 41) (0, 41) (2, 41) (2, 41) (1, 42) (0, 41) (2, 41) (2, 41)
Dozen 2: (3, 41) (2, 41) (1, 41) (2, 41) (1, 46) (1, 41) (0, 41) (0, 41) (2, 41) (2, 41) (2, 41) (0, 41)
Dozen 3: (1, 73) (0, 41) (3, 41) (2, 41) (3, 41) (3, 41) (2, 41) (2, 41) (1, 41) (3, 41) (1, 41) (3, 41)
Dozen 4: (2, 41) (1, 41) (3, 41) (1, 41) (2, 24) (0, 41) (2, 41) (2, 41) (2, 41) (2, 41) (2, 41) (1, 41)
Dozen 5: (1, 55) (2, 41) (3, 41) (1, 41) (2, 41) (2, 41) (3, 41) (0, 41) (0, 42) (1, 41) (0, 41) (3, 41)
Dozen 6: (3, 41) (3, 41) (1, 41) (3, 41) (1, 66) (1, 41) (3, 41) (2, 41) (2, 41) (0, 41) (0, 41) (0, 41)
Dozen 7: (0, 56) (3, 41) (1, 41) (2, 41) (0, 41) (1, 41) (1, 41) (0, 41) (2, 42) (2, 41) (2, 41) (3, 41)
Dozen 8: (3, 41) (2, 41) (2, 41) (2, 41) (2, 41) (3, 41) (2, 41) (2, 41) (0, 41) (3, 41) (0, 41) (2, 41)
Dozen 9: (1, 41) (1, 41) (0, 41) (1, 41) (1, 41) (2, 41) (3, 41) (2, 41) (3, 41) (2, 41) (3, 41) (1, 41)

