
Consumer 5 Done:
PID: 3384, Time: 19:40:56

Donut order by dozen:
Dozen 0: (0, 36) (2, 35) (0, 28) (3, 31) (1, 57) (1, 41) (1, 41) (1, 41) (3, 41) (1, 41) (1, 41) (0, 41)
Dozen 1: (2, 54) (2, 81) (2, 81) (3, 81) (2, 81) (1, 81) (0, 81) (2, 81) (3, 82) (0, 81) (2, 81) (0, 81)
Dozen 2: (1, 81) (0, 81) (0, 81) (0, 81) (1, 81) (2, 81) (2, 82) (1, 81) (0, 81) (2, 81) (3, 81) (0, 81)
Dozen 3: (2, 81) (1, 81) (1, 81) (3, 81) (3, 81) (3, 81) (0, 81) (1, 81) (2, 82) (1, 81) (2, 81) (1, 81)
Dozen 4: (3, 81) (1, 81) (1, 81) (2, 81) (3, 98) (0, 81) (1, 81) (0, 81) (3, 81) (0, 81) (2, 81) (2, 81)
Dozen 5: (2, 105) (1, 81) (2, 81) (1, 81) (3, 81) (2, 81) (3, 81) (2, 81) (3, 82) (0, 81) (3, 81) (3, 81)
Dozen 6: (0, 81) (2, 81) (1, 81) (2, 81) (0, 88) (3, 81) (1, 81) (3, 81) (2, 81) (3, 81) (2, 81) (1, 81)
Dozen 7: (1, 111) (2, 81) (3, 81) (1, 81) (0, 81) (3, 81) (3, 81) (0, 81) (1, 82) (0, 81) (1, 81) (2, 81)
Dozen 8: (2, 81) (2, 81) (1, 81) (3, 81) (0, 81) (1, 81) (2, 81) (2, 81) (2, 81) (2, 81) (1, 81) (1, 81)
Dozen 9: (3, 81) (2, 81) (2, 81) (1, 81) (2, 81) (2, 81) (1, 81) (3, 81) (2, 81) (0, 81) (1, 121) (3, 81)

